1.420000000000000000e+02 2.390000000000000000e+02 1.114000000000000000e+03 6.700000000000000000e+01 2.900000000000000000e+03 0.000000000000000000e+00 2.367000000000000000e+03 3.000000000000000000e+00 0.000000000000000000e+00 1.179900000000000000e+04 0.000000000000000000e+00
7.000000000000000000e+00 5.000000000000000000e+00 5.000000000000000000e+01 2.000000000000000000e+00 7.000000000000000000e+01 0.000000000000000000e+00 3.000000000000000000e+00 0.000000000000000000e+00 0.000000000000000000e+00 1.380000000000000000e+02 0.000000000000000000e+00
8.340000000000000000e+02 1.891000000000000000e+03 1.013900000000000000e+04 4.500000000000000000e+01 6.165400000000000000e+04 1.000000000000000000e+00 2.642000000000000000e+03 5.000000000000000000e+00 0.000000000000000000e+00 4.298600000000000000e+04 3.000000000000000000e+00
1.458000000000000000e+03 1.918000000000000000e+03 2.475200000000000000e+04 2.200000000000000000e+01 1.364340000000000000e+05 0.000000000000000000e+00 2.663000000000000000e+03 8.000000000000000000e+00 2.000000000000000000e+00 3.128900000000000000e+04 5.000000000000000000e+00
5.737000000000000000e+03 7.709000000000000000e+03 9.770700000000000000e+04 1.170000000000000000e+02 3.370820000000000000e+05 1.000000000000000000e+00 2.753000000000000000e+03 4.600000000000000000e+01 1.000000000000000000e+00 2.389430000000000000e+05 1.900000000000000000e+01
8.660000000000000000e+02 8.610000000000000000e+02 2.241100000000000000e+04 5.300000000000000000e+01 7.232900000000000000e+04 1.000000000000000000e+00 2.910000000000000000e+02 2.000000000000000000e+00 0.000000000000000000e+00 2.929500000000000000e+04 5.000000000000000000e+00
1.037000000000000000e+03 6.720000000000000000e+02 5.085600000000000000e+04 7.800000000000000000e+01 3.889300000000000000e+04 2.000000000000000000e+00 1.103000000000000000e+03 2.000000000000000000e+00 1.000000000000000000e+00 2.101800000000000000e+04 1.000000000000000000e+00
4.660000000000000000e+02 7.100000000000000000e+02 1.085600000000000000e+04 5.260000000000000000e+02 2.867100000000000000e+04 0.000000000000000000e+00 3.710000000000000000e+02 8.000000000000000000e+00 1.000000000000000000e+00 2.664400000000000000e+04 1.000000000000000000e+00
1.326000000000000000e+03 4.580000000000000000e+02 2.074900000000000000e+04 4.700000000000000000e+01 3.262000000000000000e+04 0.000000000000000000e+00 3.920000000000000000e+02 2.000000000000000000e+00 0.000000000000000000e+00 6.373000000000000000e+03 0.000000000000000000e+00
1.755000000000000000e+03 5.490000000000000000e+02 3.919700000000000000e+04 6.542000000000000000e+03 1.050400000000000000e+05 1.000000000000000000e+00 1.282000000000000000e+03 3.000000000000000000e+00 2.000000000000000000e+00 1.786200000000000000e+04 3.000000000000000000e+00
2.000000000000000000e+00 6.000000000000000000e+00 3.000000000000000000e+01 1.000000000000000000e+00 4.100000000000000000e+01 0.000000000000000000e+00 5.000000000000000000e+00 0.000000000000000000e+00 0.000000000000000000e+00 1.000000000000000000e+01 0.000000000000000000e+00
2.597000000000000000e+03 5.790000000000000000e+02 6.196700000000000000e+04 3.432000000000000000e+03 5.066300000000000000e+04 0.000000000000000000e+00 1.544000000000000000e+03 3.000000000000000000e+00 0.000000000000000000e+00 1.396800000000000000e+04 3.000000000000000000e+00
1.973000000000000000e+03 3.740000000000000000e+02 4.255800000000000000e+04 2.400000000000000000e+01 9.290000000000000000e+02 1.000000000000000000e+00 1.082000000000000000e+03 6.000000000000000000e+00 1.000000000000000000e+00 2.771000000000000000e+03 0.000000000000000000e+00
5.000000000000000000e+00 1.800000000000000000e+01 4.600000000000000000e+01 0.000000000000000000e+00 4.800000000000000000e+01 0.000000000000000000e+00 4.000000000000000000e+00 0.000000000000000000e+00 0.000000000000000000e+00 1.600000000000000000e+01 0.000000000000000000e+00
4.960000000000000000e+02 1.860000000000000000e+02 1.189900000000000000e+04 4.000000000000000000e+00 1.340000000000000000e+02 0.000000000000000000e+00 1.500000000000000000e+01 0.000000000000000000e+00 0.000000000000000000e+00 2.250000000000000000e+02 0.000000000000000000e+00
3.914000000000000000e+03 6.410000000000000000e+02 1.809000000000000000e+03 3.000000000000000000e+00 4.040000000000000000e+02 0.000000000000000000e+00 5.000000000000000000e+01 0.000000000000000000e+00 0.000000000000000000e+00 1.309500000000000000e+04 1.000000000000000000e+00
9.070000000000000000e+02 1.520000000000000000e+02 7.168000000000000000e+03 7.850000000000000000e+02 4.373000000000000000e+03 0.000000000000000000e+00 2.060000000000000000e+02 0.000000000000000000e+00 1.000000000000000000e+00 3.593000000000000000e+03 0.000000000000000000e+00
5.000000000000000000e+00 5.000000000000000000e+00 2.200000000000000000e+01 1.000000000000000000e+00 1.500000000000000000e+01 0.000000000000000000e+00 2.000000000000000000e+00 0.000000000000000000e+00 0.000000000000000000e+00 7.000000000000000000e+00 0.000000000000000000e+00
3.090000000000000000e+02 4.400000000000000000e+02 1.652400000000000000e+04 6.440000000000000000e+02 2.263800000000000000e+04 1.000000000000000000e+00 1.431000000000000000e+03 0.000000000000000000e+00 1.000000000000000000e+00 1.035400000000000000e+04 4.000000000000000000e+00
2.168000000000000000e+03 1.543000000000000000e+03 3.319200000000000000e+04 4.160000000000000000e+02 3.121300000000000000e+04 0.000000000000000000e+00 4.133000000000000000e+03 1.000000000000000000e+00 0.000000000000000000e+00 5.599800000000000000e+04 4.000000000000000000e+00
1.095000000000000000e+03 3.476000000000000000e+03 3.695100000000000000e+04 6.350000000000000000e+02 1.945900000000000000e+04 1.000000000000000000e+00 4.576000000000000000e+03 1.000000000000000000e+00 0.000000000000000000e+00 2.136000000000000000e+04 5.000000000000000000e+00
3.190000000000000000e+02 2.170000000000000000e+02 2.236300000000000000e+04 5.640000000000000000e+02 1.398200000000000000e+04 1.000000000000000000e+00 2.208000000000000000e+03 0.000000000000000000e+00 0.000000000000000000e+00 4.017000000000000000e+03 3.000000000000000000e+00
7.020000000000000000e+02 4.320000000000000000e+02 3.343900000000000000e+04 6.180000000000000000e+02 1.223100000000000000e+04 0.000000000000000000e+00 2.137600000000000000e+04 2.000000000000000000e+00 0.000000000000000000e+00 2.370000000000000000e+02 1.000000000000000000e+00
5.300000000000000000e+02 3.280000000000000000e+02 6.192400000000000000e+04 1.750000000000000000e+02 3.589000000000000000e+03 0.000000000000000000e+00 3.259000000000000000e+03 1.000000000000000000e+00 1.000000000000000000e+00 2.520000000000000000e+02 1.000000000000000000e+00
1.860000000000000000e+02 4.110000000000000000e+02 1.023000000000000000e+03 6.500000000000000000e+01 3.284000000000000000e+03 0.000000000000000000e+00 2.170000000000000000e+02 1.000000000000000000e+00 0.000000000000000000e+00 1.378000000000000000e+03 0.000000000000000000e+00
4.800000000000000000e+01 2.510000000000000000e+02 5.330000000000000000e+02 2.700000000000000000e+01 2.525000000000000000e+03 0.000000000000000000e+00 4.720000000000000000e+02 2.000000000000000000e+00 0.000000000000000000e+00 2.237000000000000000e+03 0.000000000000000000e+00
2.380000000000000000e+02 1.336000000000000000e+03 1.099000000000000000e+03 2.870000000000000000e+02 4.229000000000000000e+03 0.000000000000000000e+00 2.625000000000000000e+03 2.000000000000000000e+00 0.000000000000000000e+00 3.379000000000000000e+03 0.000000000000000000e+00
7.140000000000000000e+02 3.100000000000000000e+02 3.229000000000000000e+04 5.000000000000000000e+00 2.150000000000000000e+02 0.000000000000000000e+00 2.000000000000000000e+01 3.000000000000000000e+00 1.000000000000000000e+00 2.310000000000000000e+02 0.000000000000000000e+00
8.900000000000000000e+02 2.790000000000000000e+02 2.928900000000000000e+04 0.000000000000000000e+00 1.750000000000000000e+02 1.000000000000000000e+00 1.500000000000000000e+01 6.000000000000000000e+00 0.000000000000000000e+00 2.480000000000000000e+02 0.000000000000000000e+00
7.650000000000000000e+02 3.470000000000000000e+02 1.048600000000000000e+04 5.000000000000000000e+00 7.500000000000000000e+01 0.000000000000000000e+00 1.000000000000000000e+01 1.000000000000000000e+00 0.000000000000000000e+00 2.790000000000000000e+02 1.000000000000000000e+00
7.530000000000000000e+02 3.510000000000000000e+02 4.945000000000000000e+03 0.000000000000000000e+00 1.430000000000000000e+02 0.000000000000000000e+00 1.200000000000000000e+01 6.000000000000000000e+00 0.000000000000000000e+00 1.540000000000000000e+02 0.000000000000000000e+00
3.633000000000000000e+03 1.362000000000000000e+03 8.867000000000000000e+03 8.700000000000000000e+01 5.600000000000000000e+02 1.000000000000000000e+00 4.440000000000000000e+02 0.000000000000000000e+00 0.000000000000000000e+00 8.640000000000000000e+02 6.000000000000000000e+00
2.120000000000000000e+02 4.550000000000000000e+02 2.247000000000000000e+03 2.700000000000000000e+01 4.332000000000000000e+03 0.000000000000000000e+00 5.330000000000000000e+02 0.000000000000000000e+00 0.000000000000000000e+00 5.710000000000000000e+02 0.000000000000000000e+00
1.620000000000000000e+02 4.080000000000000000e+02 2.143000000000000000e+03 1.000000000000000000e+01 2.215000000000000000e+03 0.000000000000000000e+00 4.980000000000000000e+02 1.000000000000000000e+00 0.000000000000000000e+00 1.081200000000000000e+04 1.000000000000000000e+00
6.730000000000000000e+02 3.420000000000000000e+02 7.648000000000000000e+03 5.100000000000000000e+01 1.494000000000000000e+03 0.000000000000000000e+00 1.489000000000000000e+03 0.000000000000000000e+00 0.000000000000000000e+00 1.039000000000000000e+03 0.000000000000000000e+00
3.150000000000000000e+02 4.960000000000000000e+02 1.732100000000000000e+04 2.000000000000000000e+01 2.934000000000000000e+03 1.000000000000000000e+00 3.836000000000000000e+03 0.000000000000000000e+00 1.000000000000000000e+00 5.158000000000000000e+03 0.000000000000000000e+00
1.850000000000000000e+02 2.790000000000000000e+02 5.554000000000000000e+03 7.900000000000000000e+01 8.350000000000000000e+02 0.000000000000000000e+00 5.592000000000000000e+03 0.000000000000000000e+00 1.000000000000000000e+00 1.125700000000000000e+04 0.000000000000000000e+00
8.320000000000000000e+02 1.159000000000000000e+03 4.906900000000000000e+04 2.490000000000000000e+02 4.170000000000000000e+03 1.000000000000000000e+00 2.575300000000000000e+04 3.000000000000000000e+00 0.000000000000000000e+00 3.162800000000000000e+04 3.000000000000000000e+00
1.232000000000000000e+03 2.419000000000000000e+03 2.440400000000000000e+04 3.540000000000000000e+02 3.712000000000000000e+03 4.000000000000000000e+00 1.019000000000000000e+03 1.500000000000000000e+01 1.000000000000000000e+00 7.268000000000000000e+03 3.000000000000000000e+00
2.838100000000000000e+04 2.069000000000000000e+04 2.362070000000000000e+05 4.020400000000000000e+04 7.622500000000000000e+04 6.000000000000000000e+00 6.362000000000000000e+03 1.500000000000000000e+01 7.000000000000000000e+00 7.837000000000000000e+03 4.000000000000000000e+00
1.241000000000000000e+03 9.020000000000000000e+02 3.738900000000000000e+04 4.920000000000000000e+02 1.065000000000000000e+03 2.000000000000000000e+00 4.552000000000000000e+03 3.000000000000000000e+00 0.000000000000000000e+00 3.200000000000000000e+01 0.000000000000000000e+00
2.073000000000000000e+03 4.960000000000000000e+02 3.337600000000000000e+04 2.600000000000000000e+02 2.140000000000000000e+02 0.000000000000000000e+00 8.097000000000000000e+03 0.000000000000000000e+00 2.000000000000000000e+00 1.900000000000000000e+01 0.000000000000000000e+00
8.422000000000000000e+03 1.294000000000000000e+03 6.411000000000000000e+03 2.000000000000000000e+01 3.150000000000000000e+02 1.000000000000000000e+00 1.060000000000000000e+02 8.000000000000000000e+00 0.000000000000000000e+00 3.880000000000000000e+02 0.000000000000000000e+00
5.763000000000000000e+03 2.489000000000000000e+03 2.830000000000000000e+03 5.300000000000000000e+01 7.770000000000000000e+02 2.000000000000000000e+00 6.200000000000000000e+01 9.000000000000000000e+00 0.000000000000000000e+00 1.840000000000000000e+02 1.000000000000000000e+00
7.282800000000000000e+04 4.064000000000000000e+03 1.353800000000000000e+04 1.384000000000000000e+03 3.308000000000000000e+03 4.000000000000000000e+00 8.460000000000000000e+02 1.200000000000000000e+01 1.000000000000000000e+00 4.009000000000000000e+03 1.000000000000000000e+00
2.900000000000000000e+01 4.200000000000000000e+01 5.900000000000000000e+01 4.000000000000000000e+00 2.800000000000000000e+01 0.000000000000000000e+00 9.000000000000000000e+00 0.000000000000000000e+00 0.000000000000000000e+00 4.000000000000000000e+00 0.000000000000000000e+00
8.072000000000000000e+03 3.706000000000000000e+03 1.717000000000000000e+03 4.800000000000000000e+01 8.200000000000000000e+02 2.000000000000000000e+00 3.800000000000000000e+01 1.700000000000000000e+01 0.000000000000000000e+00 2.050000000000000000e+02 4.000000000000000000e+00
4.439000000000000000e+04 3.424900000000000000e+04 7.292600000000000000e+04 1.470000000000000000e+02 3.668000000000000000e+03 3.000000000000000000e+00 1.870000000000000000e+02 1.000000000000000000e+00 1.300000000000000000e+01 3.710000000000000000e+02 5.000000000000000000e+00
4.042900000000000000e+04 3.945700000000000000e+04 2.357100000000000000e+04 2.080000000000000000e+02 3.106000000000000000e+03 6.000000000000000000e+00 3.730000000000000000e+02 4.000000000000000000e+00 7.000000000000000000e+00 7.840000000000000000e+02 1.200000000000000000e+01
3.104100000000000000e+04 2.609000000000000000e+04 6.536100000000000000e+04 1.830000000000000000e+02 3.878000000000000000e+03 4.000000000000000000e+00 7.600000000000000000e+01 1.000000000000000000e+00 9.000000000000000000e+00 2.150000000000000000e+02 6.000000000000000000e+00
8.400000000000000000e+02 5.058000000000000000e+03 2.822300000000000000e+04 1.334500000000000000e+04 1.261300000000000000e+04 3.000000000000000000e+00 2.663900000000000000e+04 6.700000000000000000e+01 0.000000000000000000e+00 5.200000000000000000e+01 1.000000000000000000e+00
4.210000000000000000e+02 2.594000000000000000e+03 1.098900000000000000e+04 2.782000000000000000e+03 4.019000000000000000e+03 0.000000000000000000e+00 9.312000000000000000e+03 5.000000000000000000e+01 0.000000000000000000e+00 2.700000000000000000e+01 0.000000000000000000e+00
1.500000000000000000e+02 3.030000000000000000e+02 2.350000000000000000e+03 3.900000000000000000e+01 1.708000000000000000e+03 0.000000000000000000e+00 3.630000000000000000e+02 2.000000000000000000e+00 0.000000000000000000e+00 3.700000000000000000e+01 0.000000000000000000e+00
7.640000000000000000e+02 7.550000000000000000e+02 1.266000000000000000e+04 7.810000000000000000e+02 1.430200000000000000e+04 0.000000000000000000e+00 8.908000000000000000e+03 1.040000000000000000e+02 1.000000000000000000e+00 4.300000000000000000e+01 2.000000000000000000e+00
1.468000000000000000e+03 6.391000000000000000e+03 6.069800000000000000e+04 1.680400000000000000e+04 1.504300000000000000e+04 2.000000000000000000e+00 2.637100000000000000e+04 2.000000000000000000e+00 3.000000000000000000e+00 1.060000000000000000e+02 2.000000000000000000e+00
4.230000000000000000e+02 1.492000000000000000e+03 7.201000000000000000e+03 2.416000000000000000e+03 2.612000000000000000e+03 0.000000000000000000e+00 5.095000000000000000e+03 5.300000000000000000e+01 0.000000000000000000e+00 4.800000000000000000e+01 0.000000000000000000e+00
1.559000000000000000e+03 2.612000000000000000e+03 7.481600000000000000e+04 1.002800000000000000e+04 2.297800000000000000e+04 1.000000000000000000e+00 2.465000000000000000e+04 2.000000000000000000e+00 2.400000000000000000e+01 4.100000000000000000e+01 0.000000000000000000e+00
4.000000000000000000e+00 1.700000000000000000e+01 6.400000000000000000e+01 2.000000000000000000e+00 2.900000000000000000e+01 0.000000000000000000e+00 5.000000000000000000e+00 0.000000000000000000e+00 0.000000000000000000e+00 3.000000000000000000e+00 0.000000000000000000e+00
1.100000000000000000e+01 3.000000000000000000e+01 7.300000000000000000e+01 6.000000000000000000e+00 4.800000000000000000e+01 0.000000000000000000e+00 1.600000000000000000e+01 0.000000000000000000e+00 0.000000000000000000e+00 1.200000000000000000e+01 0.000000000000000000e+00
4.150000000000000000e+02 4.930000000000000000e+02 1.311900000000000000e+04 1.887000000000000000e+03 3.800000000000000000e+02 1.000000000000000000e+00 6.561000000000000000e+03 0.000000000000000000e+00 1.000000000000000000e+00 1.800000000000000000e+01 0.000000000000000000e+00
1.275000000000000000e+03 8.720000000000000000e+02 6.583600000000000000e+04 9.620000000000000000e+02 6.060000000000000000e+02 0.000000000000000000e+00 2.334100000000000000e+04 3.000000000000000000e+00 3.000000000000000000e+00 6.400000000000000000e+01 0.000000000000000000e+00
7.000000000000000000e+00 5.000000000000000000e+00 1.200000000000000000e+01 0.000000000000000000e+00 8.000000000000000000e+00 0.000000000000000000e+00 0.000000000000000000e+00 0.000000000000000000e+00 0.000000000000000000e+00 1.000000000000000000e+00 0.000000000000000000e+00
8.000000000000000000e+00 1.600000000000000000e+01 2.500000000000000000e+01 6.000000000000000000e+00 9.000000000000000000e+00 0.000000000000000000e+00 2.000000000000000000e+00 0.000000000000000000e+00 0.000000000000000000e+00 3.000000000000000000e+00 0.000000000000000000e+00
1.100000000000000000e+01 2.000000000000000000e+01 1.800000000000000000e+01 3.000000000000000000e+00 9.000000000000000000e+00 0.000000000000000000e+00 0.000000000000000000e+00 0.000000000000000000e+00 0.000000000000000000e+00 1.000000000000000000e+00 0.000000000000000000e+00
6.000000000000000000e+00 1.700000000000000000e+01 1.200000000000000000e+01 3.000000000000000000e+00 3.000000000000000000e+00 0.000000000000000000e+00 0.000000000000000000e+00 0.000000000000000000e+00 0.000000000000000000e+00 2.000000000000000000e+00 0.000000000000000000e+00
2.000000000000000000e+00 0.000000000000000000e+00 6.000000000000000000e+00 0.000000000000000000e+00 4.000000000000000000e+00 0.000000000000000000e+00 0.000000000000000000e+00 0.000000000000000000e+00 0.000000000000000000e+00 0.000000000000000000e+00 0.000000000000000000e+00
6.000000000000000000e+00 1.700000000000000000e+01 7.000000000000000000e+00 0.000000000000000000e+00 8.000000000000000000e+00 0.000000000000000000e+00 3.000000000000000000e+00 0.000000000000000000e+00 0.000000000000000000e+00 1.000000000000000000e+00 0.000000000000000000e+00
7.663000000000000000e+03 9.434000000000000000e+03 3.643000000000000000e+03 1.100000000000000000e+02 3.696000000000000000e+03 9.000000000000000000e+00 1.200000000000000000e+01 2.400000000000000000e+01 5.000000000000000000e+00 1.840000000000000000e+02 3.700000000000000000e+01
1.662800000000000000e+04 1.633500000000000000e+04 3.138400000000000000e+04 1.039000000000000000e+03 5.655000000000000000e+03 5.000000000000000000e+00 1.810000000000000000e+02 2.000000000000000000e+00 3.000000000000000000e+00 5.990000000000000000e+02 1.000000000000000000e+01
8.000000000000000000e+01 2.180000000000000000e+02 1.681000000000000000e+03 2.000000000000000000e+01 3.400000000000000000e+01 2.000000000000000000e+00 5.000000000000000000e+00 3.000000000000000000e+00 0.000000000000000000e+00 0.000000000000000000e+00 0.000000000000000000e+00
8.880000000000000000e+02 1.076000000000000000e+03 7.649400000000000000e+04 5.820000000000000000e+02 4.136000000000000000e+03 1.000000000000000000e+00 1.774000000000000000e+03 1.000000000000000000e+00 1.000000000000000000e+00 1.000000000000000000e+00 3.000000000000000000e+00
5.280000000000000000e+02 3.210000000000000000e+02 4.119800000000000000e+04 1.600000000000000000e+01 1.470000000000000000e+02 0.000000000000000000e+00 1.580000000000000000e+02 0.000000000000000000e+00 5.000000000000000000e+00 2.000000000000000000e+00 1.000000000000000000e+00
1.900000000000000000e+02 6.270000000000000000e+02 3.751900000000000000e+04 9.000000000000000000e+01 9.414000000000000000e+03 1.000000000000000000e+00 1.576000000000000000e+03 5.000000000000000000e+00 3.000000000000000000e+00 1.000000000000000000e+00 0.000000000000000000e+00
8.584000000000000000e+03 7.190000000000000000e+02 3.605900000000000000e+04 1.890000000000000000e+02 1.077300000000000000e+04 0.000000000000000000e+00 3.017000000000000000e+03 2.000000000000000000e+00 8.000000000000000000e+00 2.600000000000000000e+01 1.000000000000000000e+00
3.640000000000000000e+02 1.200000000000000000e+02 5.439400000000000000e+04 3.080000000000000000e+02 7.440000000000000000e+02 0.000000000000000000e+00 1.400000000000000000e+01 0.000000000000000000e+00 0.000000000000000000e+00 0.000000000000000000e+00 0.000000000000000000e+00
5.210300000000000000e+04 1.757000000000000000e+03 2.301690000000000000e+05 2.000000000000000000e+01 8.160000000000000000e+02 1.600000000000000000e+01 2.200000000000000000e+01 2.000000000000000000e+00 1.100000000000000000e+01 1.900000000000000000e+02 5.000000000000000000e+00
1.920000000000000000e+02 7.010000000000000000e+02 3.012000000000000000e+03 3.000000000000000000e+01 2.300000000000000000e+02 8.000000000000000000e+00 8.000000000000000000e+00 1.200000000000000000e+01 2.000000000000000000e+00 5.000000000000000000e+00 0.000000000000000000e+00
1.856000000000000000e+03 1.123000000000000000e+03 7.915700000000000000e+04 8.000000000000000000e+00 4.740000000000000000e+02 2.000000000000000000e+00 4.000000000000000000e+00 9.000000000000000000e+00 4.000000000000000000e+00 2.200000000000000000e+01 6.000000000000000000e+00
1.640000000000000000e+03 1.630000000000000000e+02 9.088300000000000000e+04 1.100000000000000000e+01 1.290000000000000000e+02 0.000000000000000000e+00 0.000000000000000000e+00 0.000000000000000000e+00 6.000000000000000000e+00 4.000000000000000000e+00 1.000000000000000000e+00
4.100900000000000000e+04 3.217900000000000000e+04 1.940660000000000000e+05 2.440000000000000000e+02 8.578000000000000000e+03 7.000000000000000000e+00 2.300000000000000000e+01 6.000000000000000000e+00 8.000000000000000000e+00 5.982000000000000000e+03 4.700000000000000000e+01
4.100900000000000000e+04 3.217900000000000000e+04 1.940660000000000000e+05 2.440000000000000000e+02 8.578000000000000000e+03 7.000000000000000000e+00 2.300000000000000000e+01 6.000000000000000000e+00 8.000000000000000000e+00 5.982000000000000000e+03 4.700000000000000000e+01
6.260000000000000000e+02 9.370000000000000000e+02 2.160000000000000000e+02 6.000000000000000000e+00 2.510000000000000000e+02 5.000000000000000000e+00 2.000000000000000000e+00 3.000000000000000000e+00 0.000000000000000000e+00 8.000000000000000000e+00 0.000000000000000000e+00
6.389000000000000000e+03 7.377000000000000000e+03 9.248000000000000000e+03 8.970000000000000000e+02 4.398000000000000000e+03 3.000000000000000000e+00 2.400000000000000000e+01 2.000000000000000000e+00 1.000000000000000000e+00 2.090000000000000000e+02 6.000000000000000000e+00
1.091000000000000000e+03 1.800000000000000000e+02 5.490000000000000000e+02 2.000000000000000000e+00 4.900000000000000000e+01 0.000000000000000000e+00 1.000000000000000000e+00 2.000000000000000000e+00 1.000000000000000000e+00 2.000000000000000000e+00 0.000000000000000000e+00
1.414900000000000000e+04 3.798000000000000000e+03 5.172900000000000000e+04 9.600000000000000000e+01 7.860000000000000000e+02 2.000000000000000000e+00 1.900000000000000000e+01 1.300000000000000000e+01 2.000000000000000000e+00 1.030000000000000000e+02 0.000000000000000000e+00
