1.500000000000000000e+01 1.900000000000000000e+01 0.000000000000000000e+00 2.367000000000000000e+03 0.000000000000000000e+00 1.300000000000000000e+01 4.000000000000000000e+00 1.000000000000000000e+00 3.000000000000000000e+00 5.000000000000000000e+00 8.330000000000000000e+02 8.300000000000000000e+01 3.000000000000000000e+00 3.000000000000000000e+00 1.083800000000000000e+04 1.000000000000000000e+00 0.000000000000000000e+00 4.689000000000000000e+03
0.000000000000000000e+00 0.000000000000000000e+00 0.000000000000000000e+00 3.000000000000000000e+00 0.000000000000000000e+00 0.000000000000000000e+00 0.000000000000000000e+00 0.000000000000000000e+00 0.000000000000000000e+00 0.000000000000000000e+00 1.300000000000000000e+01 1.000000000000000000e+01 0.000000000000000000e+00 0.000000000000000000e+00 1.240000000000000000e+02 0.000000000000000000e+00 0.000000000000000000e+00 1.220000000000000000e+02
1.710000000000000000e+02 4.100000000000000000e+01 3.000000000000000000e+00 2.642000000000000000e+03 0.000000000000000000e+00 1.300000000000000000e+02 2.200000000000000000e+01 2.000000000000000000e+01 5.000000000000000000e+00 1.400000000000000000e+01 2.944000000000000000e+03 1.504300000000000000e+04 6.000000000000000000e+00 2.000000000000000000e+00 3.960900000000000000e+04 8.000000000000000000e+00 1.000000000000000000e+00 2.914000000000000000e+03
1.600000000000000000e+02 1.100000000000000000e+01 0.000000000000000000e+00 2.663000000000000000e+03 2.000000000000000000e+00 5.160000000000000000e+02 7.500000000000000000e+01 2.900000000000000000e+01 8.000000000000000000e+00 4.100000000000000000e+01 2.129000000000000000e+03 5.264900000000000000e+04 5.000000000000000000e+00 1.100000000000000000e+01 2.885700000000000000e+04 6.000000000000000000e+00 2.800000000000000000e+01 2.107000000000000000e+03
6.700000000000000000e+01 6.600000000000000000e+01 3.000000000000000000e+00 2.753000000000000000e+03 1.000000000000000000e+00 8.030000000000000000e+02 4.740000000000000000e+02 8.300000000000000000e+01 4.600000000000000000e+01 1.220000000000000000e+02 1.696900000000000000e+04 1.033890000000000000e+05 4.100000000000000000e+01 2.200000000000000000e+01 2.195330000000000000e+05 7.000000000000000000e+00 2.400000000000000000e+01 5.534000000000000000e+03
3.100000000000000000e+01 4.900000000000000000e+01 0.000000000000000000e+00 2.910000000000000000e+02 0.000000000000000000e+00 1.160000000000000000e+02 7.000000000000000000e+00 2.200000000000000000e+01 2.000000000000000000e+00 2.700000000000000000e+01 2.442000000000000000e+03 3.102800000000000000e+04 8.000000000000000000e+00 5.000000000000000000e+00 2.652000000000000000e+04 1.000000000000000000e+00 0.000000000000000000e+00 1.049200000000000000e+04
6.500000000000000000e+01 6.800000000000000000e+01 1.000000000000000000e+00 1.103000000000000000e+03 1.000000000000000000e+00 1.090000000000000000e+02 1.400000000000000000e+01 2.100000000000000000e+01 2.000000000000000000e+00 4.800000000000000000e+01 1.366000000000000000e+03 1.213400000000000000e+04 3.000000000000000000e+00 2.000000000000000000e+00 1.943500000000000000e+04 1.000000000000000000e+00 4.000000000000000000e+00 3.332400000000000000e+04
2.800000000000000000e+01 4.840000000000000000e+02 5.000000000000000000e+00 3.710000000000000000e+02 1.000000000000000000e+00 1.320000000000000000e+02 2.000000000000000000e+01 4.000000000000000000e+00 8.000000000000000000e+00 1.600000000000000000e+01 1.879000000000000000e+03 6.538000000000000000e+03 4.000000000000000000e+00 1.300000000000000000e+01 2.447900000000000000e+04 1.000000000000000000e+00 3.000000000000000000e+00 5.232500000000000000e+04
1.200000000000000000e+01 3.300000000000000000e+01 0.000000000000000000e+00 3.920000000000000000e+02 0.000000000000000000e+00 3.100000000000000000e+02 1.260000000000000000e+02 1.600000000000000000e+01 2.000000000000000000e+00 2.700000000000000000e+01 4.300000000000000000e+02 9.225000000000000000e+03 1.000000000000000000e+00 7.000000000000000000e+00 5.878000000000000000e+03 5.000000000000000000e+00 4.000000000000000000e+00 2.222300000000000000e+04
2.800000000000000000e+01 6.331000000000000000e+03 0.000000000000000000e+00 1.282000000000000000e+03 2.000000000000000000e+00 1.560000000000000000e+02 1.900000000000000000e+01 3.000000000000000000e+01 3.000000000000000000e+00 5.100000000000000000e+01 1.256000000000000000e+03 2.911200000000000000e+04 5.000000000000000000e+00 2.600000000000000000e+01 1.642900000000000000e+04 7.000000000000000000e+00 6.000000000000000000e+00 5.517400000000000000e+04
0.000000000000000000e+00 1.000000000000000000e+00 0.000000000000000000e+00 5.000000000000000000e+00 0.000000000000000000e+00 0.000000000000000000e+00 0.000000000000000000e+00 1.000000000000000000e+00 0.000000000000000000e+00 0.000000000000000000e+00 3.000000000000000000e+00 4.000000000000000000e+00 0.000000000000000000e+00 0.000000000000000000e+00 6.000000000000000000e+00 0.000000000000000000e+00 0.000000000000000000e+00 4.000000000000000000e+01
1.000000000000000000e+00 3.320000000000000000e+03 2.000000000000000000e+00 1.544000000000000000e+03 0.000000000000000000e+00 1.580000000000000000e+02 4.000000000000000000e+00 2.200000000000000000e+01 3.000000000000000000e+00 6.500000000000000000e+01 1.273000000000000000e+03 5.360000000000000000e+03 5.000000000000000000e+00 1.700000000000000000e+01 1.250000000000000000e+04 3.000000000000000000e+00 2.400000000000000000e+01 5.621000000000000000e+03
1.000000000000000000e+00 1.500000000000000000e+01 0.000000000000000000e+00 1.082000000000000000e+03 1.000000000000000000e+00 1.320000000000000000e+02 1.500000000000000000e+01 1.500000000000000000e+01 6.000000000000000000e+00 4.300000000000000000e+01 1.630000000000000000e+02 2.600000000000000000e+01 0.000000000000000000e+00 8.000000000000000000e+00 2.580000000000000000e+03 2.000000000000000000e+00 8.000000000000000000e+00 1.099000000000000000e+03
1.000000000000000000e+00 0.000000000000000000e+00 0.000000000000000000e+00 4.000000000000000000e+00 0.000000000000000000e+00 0.000000000000000000e+00 0.000000000000000000e+00 2.000000000000000000e+00 0.000000000000000000e+00 1.000000000000000000e+00 6.000000000000000000e+00 2.000000000000000000e+00 0.000000000000000000e+00 0.000000000000000000e+00 9.000000000000000000e+00 0.000000000000000000e+00 0.000000000000000000e+00 1.580000000000000000e+02
0.000000000000000000e+00 2.000000000000000000e+00 0.000000000000000000e+00 1.500000000000000000e+01 0.000000000000000000e+00 1.400000000000000000e+01 5.000000000000000000e+00 0.000000000000000000e+00 0.000000000000000000e+00 4.000000000000000000e+00 4.400000000000000000e+01 5.000000000000000000e+00 0.000000000000000000e+00 2.000000000000000000e+00 1.750000000000000000e+02 1.000000000000000000e+00 8.000000000000000000e+00 4.270000000000000000e+02
0.000000000000000000e+00 1.000000000000000000e+00 8.000000000000000000e+00 5.000000000000000000e+01 0.000000000000000000e+00 6.900000000000000000e+01 1.100000000000000000e+01 3.700000000000000000e+01 0.000000000000000000e+00 4.400000000000000000e+01 9.690000000000000000e+02 6.000000000000000000e+00 2.000000000000000000e+00 2.000000000000000000e+00 1.197900000000000000e+04 0.000000000000000000e+00 9.000000000000000000e+00 9.590000000000000000e+02
1.700000000000000000e+01 7.730000000000000000e+02 5.000000000000000000e+00 2.060000000000000000e+02 1.000000000000000000e+00 2.300000000000000000e+01 2.000000000000000000e+00 1.400000000000000000e+01 0.000000000000000000e+00 1.800000000000000000e+01 2.740000000000000000e+02 2.231000000000000000e+03 0.000000000000000000e+00 3.000000000000000000e+00 3.284000000000000000e+03 0.000000000000000000e+00 4.000000000000000000e+00 9.009000000000000000e+03
0.000000000000000000e+00 1.000000000000000000e+00 0.000000000000000000e+00 2.000000000000000000e+00 0.000000000000000000e+00 1.000000000000000000e+00 0.000000000000000000e+00 0.000000000000000000e+00 0.000000000000000000e+00 1.000000000000000000e+00 2.000000000000000000e+00 1.000000000000000000e+00 0.000000000000000000e+00 0.000000000000000000e+00 5.000000000000000000e+00 0.000000000000000000e+00 1.000000000000000000e+00 2.900000000000000000e+01
4.900000000000000000e+01 6.390000000000000000e+02 0.000000000000000000e+00 1.431000000000000000e+03 1.000000000000000000e+00 1.250000000000000000e+02 3.000000000000000000e+00 1.200000000000000000e+01 0.000000000000000000e+00 1.700000000000000000e+01 7.820000000000000000e+02 4.885000000000000000e+03 2.000000000000000000e+00 1.300000000000000000e+01 9.460000000000000000e+03 1.000000000000000000e+00 6.000000000000000000e+00 5.538600000000000000e+04
1.170000000000000000e+02 4.150000000000000000e+02 1.000000000000000000e+00 4.133000000000000000e+03 0.000000000000000000e+00 1.140000000000000000e+02 2.100000000000000000e+01 3.400000000000000000e+01 1.000000000000000000e+00 2.700000000000000000e+01 4.212000000000000000e+03 2.214000000000000000e+03 1.300000000000000000e+01 1.400000000000000000e+01 5.121300000000000000e+04 1.500000000000000000e+01 5.000000000000000000e+00 6.489000000000000000e+03
1.600000000000000000e+01 5.660000000000000000e+02 1.000000000000000000e+00 4.576000000000000000e+03 0.000000000000000000e+00 3.230000000000000000e+02 4.400000000000000000e+01 1.500000000000000000e+01 1.000000000000000000e+00 1.800000000000000000e+01 1.555000000000000000e+03 4.730000000000000000e+02 6.000000000000000000e+00 1.900000000000000000e+01 1.956900000000000000e+04 2.000000000000000000e+00 2.000000000000000000e+01 1.609250000000000000e+05
1.000000000000000000e+00 5.070000000000000000e+02 0.000000000000000000e+00 2.208000000000000000e+03 0.000000000000000000e+00 3.900000000000000000e+01 4.000000000000000000e+00 6.000000000000000000e+00 0.000000000000000000e+00 1.000000000000000000e+01 4.290000000000000000e+02 1.080000000000000000e+02 2.000000000000000000e+00 7.000000000000000000e+00 3.537000000000000000e+03 2.000000000000000000e+00 2.000000000000000000e+00 1.834800000000000000e+04
1.700000000000000000e+01 4.380000000000000000e+02 0.000000000000000000e+00 2.137600000000000000e+04 0.000000000000000000e+00 1.100000000000000000e+02 3.900000000000000000e+01 7.000000000000000000e+00 2.000000000000000000e+00 9.000000000000000000e+00 1.800000000000000000e+01 1.500000000000000000e+01 1.000000000000000000e+00 9.000000000000000000e+00 2.150000000000000000e+02 2.000000000000000000e+00 4.000000000000000000e+00 4.347400000000000000e+04
4.000000000000000000e+00 3.400000000000000000e+01 0.000000000000000000e+00 3.259000000000000000e+03 1.000000000000000000e+00 1.170000000000000000e+02 2.700000000000000000e+01 7.000000000000000000e+00 1.000000000000000000e+00 1.200000000000000000e+01 2.500000000000000000e+01 1.400000000000000000e+01 0.000000000000000000e+00 1.400000000000000000e+01 2.270000000000000000e+02 3.000000000000000000e+00 6.000000000000000000e+00 2.071400000000000000e+04
6.000000000000000000e+01 2.400000000000000000e+01 0.000000000000000000e+00 2.170000000000000000e+02 0.000000000000000000e+00 1.900000000000000000e+01 9.000000000000000000e+00 3.000000000000000000e+00 1.000000000000000000e+00 1.000000000000000000e+00 9.800000000000000000e+01 1.220000000000000000e+02 0.000000000000000000e+00 1.500000000000000000e+01 1.269000000000000000e+03 1.000000000000000000e+00 4.000000000000000000e+00 8.001600000000000000e+04
3.300000000000000000e+01 4.000000000000000000e+00 1.000000000000000000e+00 4.720000000000000000e+02 0.000000000000000000e+00 7.000000000000000000e+00 2.000000000000000000e+00 2.000000000000000000e+00 2.000000000000000000e+00 6.000000000000000000e+00 1.380000000000000000e+02 9.000000000000000000e+01 0.000000000000000000e+00 7.000000000000000000e+00 2.074000000000000000e+03 0.000000000000000000e+00 2.000000000000000000e+00 2.049200000000000000e+04
5.500000000000000000e+01 5.800000000000000000e+01 0.000000000000000000e+00 2.625000000000000000e+03 0.000000000000000000e+00 1.580000000000000000e+02 3.000000000000000000e+00 2.000000000000000000e+00 2.000000000000000000e+00 4.000000000000000000e+00 2.190000000000000000e+02 7.100000000000000000e+01 3.000000000000000000e+00 1.200000000000000000e+01 3.111000000000000000e+03 3.000000000000000000e+00 5.000000000000000000e+00 4.470100000000000000e+04
0.000000000000000000e+00 0.000000000000000000e+00 0.000000000000000000e+00 2.000000000000000000e+01 1.000000000000000000e+00 1.400000000000000000e+01 6.000000000000000000e+01 8.000000000000000000e+00 3.000000000000000000e+00 1.700000000000000000e+01 1.600000000000000000e+01 5.000000000000000000e+00 1.000000000000000000e+00 3.000000000000000000e+00 2.130000000000000000e+02 0.000000000000000000e+00 7.000000000000000000e+00 3.530000000000000000e+02
0.000000000000000000e+00 0.000000000000000000e+00 0.000000000000000000e+00 1.500000000000000000e+01 0.000000000000000000e+00 3.100000000000000000e+01 1.030000000000000000e+02 6.000000000000000000e+00 6.000000000000000000e+00 2.300000000000000000e+01 1.400000000000000000e+01 1.000000000000000000e+01 0.000000000000000000e+00 4.000000000000000000e+00 2.310000000000000000e+02 0.000000000000000000e+00 2.000000000000000000e+00 2.970000000000000000e+02
0.000000000000000000e+00 1.000000000000000000e+00 2.000000000000000000e+00 1.000000000000000000e+01 0.000000000000000000e+00 3.600000000000000000e+01 3.100000000000000000e+01 2.000000000000000000e+00 1.000000000000000000e+00 3.700000000000000000e+01 1.900000000000000000e+01 3.000000000000000000e+00 0.000000000000000000e+00 2.000000000000000000e+00 2.550000000000000000e+02 0.000000000000000000e+00 6.000000000000000000e+00 3.110000000000000000e+02
0.000000000000000000e+00 0.000000000000000000e+00 1.000000000000000000e+00 1.100000000000000000e+01 0.000000000000000000e+00 2.800000000000000000e+01 5.000000000000000000e+01 1.400000000000000000e+01 6.000000000000000000e+00 1.700000000000000000e+01 2.200000000000000000e+01 2.000000000000000000e+00 0.000000000000000000e+00 6.000000000000000000e+00 1.310000000000000000e+02 1.000000000000000000e+00 9.000000000000000000e+00 3.110000000000000000e+02
1.000000000000000000e+00 4.300000000000000000e+01 7.000000000000000000e+00 4.440000000000000000e+02 0.000000000000000000e+00 9.830000000000000000e+02 3.410000000000000000e+02 1.900000000000000000e+01 0.000000000000000000e+00 6.400000000000000000e+01 6.800000000000000000e+01 4.000000000000000000e+00 0.000000000000000000e+00 8.000000000000000000e+00 7.850000000000000000e+02 0.000000000000000000e+00 1.300000000000000000e+01 9.672000000000000000e+03
1.480000000000000000e+02 8.000000000000000000e+00 0.000000000000000000e+00 5.330000000000000000e+02 0.000000000000000000e+00 2.900000000000000000e+01 1.100000000000000000e+01 4.000000000000000000e+00 0.000000000000000000e+00 3.000000000000000000e+00 4.500000000000000000e+01 1.460000000000000000e+02 0.000000000000000000e+00 7.000000000000000000e+00 5.220000000000000000e+02 2.000000000000000000e+00 2.000000000000000000e+00 9.104500000000000000e+04
1.830000000000000000e+02 1.000000000000000000e+00 0.000000000000000000e+00 4.980000000000000000e+02 0.000000000000000000e+00 1.200000000000000000e+01 8.000000000000000000e+00 4.000000000000000000e+00 1.000000000000000000e+00 2.000000000000000000e+00 6.770000000000000000e+02 6.000000000000000000e+00 1.000000000000000000e+00 3.000000000000000000e+00 1.003900000000000000e+04 0.000000000000000000e+00 4.000000000000000000e+00 4.469500000000000000e+04
4.500000000000000000e+01 7.000000000000000000e+00 1.000000000000000000e+00 1.489000000000000000e+03 0.000000000000000000e+00 7.200000000000000000e+01 2.000000000000000000e+01 7.000000000000000000e+00 0.000000000000000000e+00 1.400000000000000000e+01 6.700000000000000000e+01 6.000000000000000000e+00 0.000000000000000000e+00 2.000000000000000000e+00 9.540000000000000000e+02 1.000000000000000000e+00 3.000000000000000000e+00 6.841500000000000000e+04
7.100000000000000000e+01 1.000000000000000000e+00 0.000000000000000000e+00 3.836000000000000000e+03 1.000000000000000000e+00 9.800000000000000000e+01 1.000000000000000000e+01 6.000000000000000000e+00 0.000000000000000000e+00 9.000000000000000000e+00 3.140000000000000000e+02 1.300000000000000000e+01 1.000000000000000000e+00 6.000000000000000000e+00 4.795000000000000000e+03 1.000000000000000000e+00 1.000000000000000000e+00 4.871600000000000000e+04
2.700000000000000000e+01 5.200000000000000000e+01 0.000000000000000000e+00 5.592000000000000000e+03 1.000000000000000000e+00 1.400000000000000000e+01 5.000000000000000000e+00 4.000000000000000000e+00 0.000000000000000000e+00 5.000000000000000000e+00 7.600000000000000000e+02 1.100000000000000000e+01 3.000000000000000000e+00 3.000000000000000000e+00 1.040300000000000000e+04 0.000000000000000000e+00 2.000000000000000000e+00 5.549000000000000000e+04
1.010000000000000000e+02 2.200000000000000000e+01 0.000000000000000000e+00 2.575300000000000000e+04 0.000000000000000000e+00 5.800000000000000000e+01 3.500000000000000000e+01 1.100000000000000000e+01 3.000000000000000000e+00 3.300000000000000000e+01 2.630000000000000000e+03 1.400000000000000000e+01 6.000000000000000000e+00 1.500000000000000000e+01 2.865900000000000000e+04 4.000000000000000000e+00 5.000000000000000000e+00 1.888000000000000000e+05
0.000000000000000000e+00 7.300000000000000000e+01 1.000000000000000000e+00 1.019000000000000000e+03 1.000000000000000000e+00 2.540000000000000000e+02 4.800000000000000000e+01 2.600000000000000000e+01 1.500000000000000000e+01 5.700000000000000000e+01 9.020000000000000000e+02 8.000000000000000000e+00 3.000000000000000000e+00 2.500000000000000000e+01 6.195000000000000000e+03 0.000000000000000000e+00 4.100000000000000000e+01 7.597800000000000000e+04
2.320000000000000000e+02 2.299000000000000000e+03 1.200000000000000000e+01 6.362000000000000000e+03 7.000000000000000000e+00 9.897000000000000000e+03 1.589000000000000000e+03 3.670000000000000000e+02 1.500000000000000000e+01 4.120000000000000000e+02 1.873000000000000000e+03 1.400000000000000000e+01 2.000000000000000000e+00 1.550000000000000000e+02 5.882000000000000000e+03 1.500000000000000000e+01 2.390000000000000000e+02 1.205974000000000000e+06
0.000000000000000000e+00 3.980000000000000000e+02 0.000000000000000000e+00 4.552000000000000000e+03 0.000000000000000000e+00 8.520000000000000000e+02 7.300000000000000000e+01 1.500000000000000000e+01 3.000000000000000000e+00 1.500000000000000000e+01 1.100000000000000000e+01 6.000000000000000000e+00 0.000000000000000000e+00 2.400000000000000000e+01 2.100000000000000000e+01 0.000000000000000000e+00 2.300000000000000000e+01 6.038900000000000000e+04
0.000000000000000000e+00 1.200000000000000000e+01 0.000000000000000000e+00 8.097000000000000000e+03 2.000000000000000000e+00 1.525000000000000000e+03 3.760000000000000000e+02 7.000000000000000000e+00 0.000000000000000000e+00 1.200000000000000000e+01 4.000000000000000000e+00 1.500000000000000000e+01 0.000000000000000000e+00 1.200000000000000000e+01 1.400000000000000000e+01 2.000000000000000000e+00 8.000000000000000000e+00 2.410600000000000000e+04
2.000000000000000000e+00 9.000000000000000000e+00 9.000000000000000000e+00 1.060000000000000000e+02 0.000000000000000000e+00 4.225000000000000000e+03 1.236000000000000000e+03 3.500000000000000000e+01 8.000000000000000000e+00 7.200000000000000000e+01 3.500000000000000000e+01 1.500000000000000000e+01 0.000000000000000000e+00 1.700000000000000000e+01 3.490000000000000000e+02 1.000000000000000000e+00 5.100000000000000000e+01 1.132900000000000000e+04
2.000000000000000000e+00 1.400000000000000000e+01 1.000000000000000000e+00 6.200000000000000000e+01 0.000000000000000000e+00 1.566000000000000000e+03 2.032000000000000000e+03 4.300000000000000000e+01 9.000000000000000000e+00 8.700000000000000000e+01 4.400000000000000000e+01 4.100000000000000000e+01 1.200000000000000000e+01 8.300000000000000000e+01 1.370000000000000000e+02 1.000000000000000000e+00 7.700000000000000000e+01 1.899830000000000000e+05
9.800000000000000000e+01 3.400000000000000000e+01 4.900000000000000000e+01 8.460000000000000000e+02 1.000000000000000000e+00 2.317000000000000000e+03 8.170000000000000000e+02 6.880000000000000000e+02 1.200000000000000000e+01 1.491000000000000000e+03 1.920000000000000000e+02 1.540000000000000000e+02 4.000000000000000000e+00 6.600000000000000000e+01 3.770000000000000000e+03 0.000000000000000000e+00 4.200000000000000000e+01 2.243060000000000000e+05
0.000000000000000000e+00 3.000000000000000000e+00 0.000000000000000000e+00 9.000000000000000000e+00 0.000000000000000000e+00 8.000000000000000000e+00 0.000000000000000000e+00 1.000000000000000000e+00 0.000000000000000000e+00 2.000000000000000000e+00 2.000000000000000000e+00 4.000000000000000000e+00 0.000000000000000000e+00 2.000000000000000000e+00 2.000000000000000000e+00 0.000000000000000000e+00 2.000000000000000000e+00 9.500000000000000000e+01
0.000000000000000000e+00 2.300000000000000000e+01 1.000000000000000000e+00 3.800000000000000000e+01 0.000000000000000000e+00 8.300000000000000000e+02 2.300000000000000000e+01 7.600000000000000000e+01 1.700000000000000000e+01 2.280000000000000000e+02 1.500000000000000000e+01 2.000000000000000000e+00 3.000000000000000000e+00 4.600000000000000000e+01 1.890000000000000000e+02 0.000000000000000000e+00 1.950000000000000000e+02 7.810000000000000000e+02
7.000000000000000000e+00 9.100000000000000000e+01 2.700000000000000000e+01 1.870000000000000000e+02 1.300000000000000000e+01 5.640000000000000000e+03 2.590000000000000000e+02 8.130000000000000000e+02 1.000000000000000000e+00 2.076000000000000000e+03 1.600000000000000000e+01 3.000000000000000000e+00 1.000000000000000000e+00 1.504000000000000000e+03 3.520000000000000000e+02 4.000000000000000000e+00 3.914000000000000000e+03 5.101000000000000000e+03
6.000000000000000000e+00 1.200000000000000000e+02 4.200000000000000000e+01 3.730000000000000000e+02 7.000000000000000000e+00 6.879000000000000000e+03 3.710000000000000000e+02 8.850000000000000000e+02 4.000000000000000000e+00 2.710000000000000000e+03 5.000000000000000000e+01 0.000000000000000000e+00 0.000000000000000000e+00 1.734000000000000000e+03 7.300000000000000000e+02 1.000000000000000000e+00 2.957000000000000000e+03 9.566000000000000000e+03
5.000000000000000000e+00 2.100000000000000000e+01 6.000000000000000000e+01 7.300000000000000000e+01 9.000000000000000000e+00 2.198000000000000000e+03 8.980000000000000000e+02 3.790000000000000000e+02 1.000000000000000000e+00 1.870000000000000000e+03 1.600000000000000000e+01 4.000000000000000000e+00 1.300000000000000000e+01 1.195000000000000000e+03 1.970000000000000000e+02 2.000000000000000000e+00 1.955000000000000000e+03 3.786000000000000000e+03
1.100000000000000000e+01 6.724000000000000000e+03 0.000000000000000000e+00 2.663900000000000000e+04 0.000000000000000000e+00 1.300000000000000000e+02 6.000000000000000000e+00 8.000000000000000000e+00 6.700000000000000000e+01 1.300000000000000000e+01 1.000000000000000000e+01 1.400000000000000000e+01 1.000000000000000000e+00 3.300000000000000000e+01 4.000000000000000000e+01 1.400000000000000000e+01 2.700000000000000000e+01 1.698670000000000000e+05
5.000000000000000000e+00 6.430000000000000000e+02 0.000000000000000000e+00 9.312000000000000000e+03 0.000000000000000000e+00 7.500000000000000000e+01 2.000000000000000000e+00 1.000000000000000000e+01 5.000000000000000000e+01 9.000000000000000000e+00 7.000000000000000000e+00 1.500000000000000000e+01 1.000000000000000000e+00 2.800000000000000000e+01 1.800000000000000000e+01 2.000000000000000000e+00 1.700000000000000000e+01 8.518400000000000000e+04
2.000000000000000000e+00 2.100000000000000000e+01 0.000000000000000000e+00 3.630000000000000000e+02 0.000000000000000000e+00 1.500000000000000000e+01 1.000000000000000000e+00 3.000000000000000000e+00 2.000000000000000000e+00 7.000000000000000000e+00 1.400000000000000000e+01 2.400000000000000000e+01 0.000000000000000000e+00 2.000000000000000000e+00 2.200000000000000000e+01 1.000000000000000000e+00 9.000000000000000000e+00 7.403000000000000000e+04
2.000000000000000000e+01 7.100000000000000000e+02 0.000000000000000000e+00 8.908000000000000000e+03 1.000000000000000000e+00 1.700000000000000000e+01 2.000000000000000000e+00 8.000000000000000000e+00 1.040000000000000000e+02 1.700000000000000000e+01 4.000000000000000000e+00 1.700000000000000000e+01 0.000000000000000000e+00 1.200000000000000000e+01 3.900000000000000000e+01 1.500000000000000000e+01 1.000000000000000000e+01 1.059320000000000000e+05
4.200000000000000000e+01 1.562900000000000000e+04 1.000000000000000000e+00 2.637100000000000000e+04 3.000000000000000000e+00 7.300000000000000000e+01 1.100000000000000000e+01 1.100000000000000000e+01 2.000000000000000000e+00 9.000000000000000000e+00 1.200000000000000000e+01 1.300000000000000000e+01 1.000000000000000000e+00 2.300000000000000000e+01 9.200000000000000000e+01 4.000000000000000000e+00 2.100000000000000000e+01 1.333250000000000000e+05
0.000000000000000000e+00 2.311000000000000000e+03 0.000000000000000000e+00 5.095000000000000000e+03 0.000000000000000000e+00 4.200000000000000000e+01 7.000000000000000000e+00 5.000000000000000000e+00 5.300000000000000000e+01 1.000000000000000000e+01 1.000000000000000000e+01 8.000000000000000000e+00 0.000000000000000000e+00 1.500000000000000000e+01 3.600000000000000000e+01 1.000000000000000000e+00 2.100000000000000000e+01 1.139570000000000000e+05
1.110000000000000000e+02 9.762000000000000000e+03 3.000000000000000000e+00 2.465000000000000000e+04 2.400000000000000000e+01 7.770000000000000000e+02 5.700000000000000000e+01 1.900000000000000000e+01 2.000000000000000000e+00 1.000000000000000000e+01 1.300000000000000000e+01 2.000000000000000000e+00 0.000000000000000000e+00 2.100000000000000000e+01 2.600000000000000000e+01 1.100000000000000000e+01 9.000000000000000000e+00 1.663840000000000000e+05
0.000000000000000000e+00 2.000000000000000000e+00 0.000000000000000000e+00 5.000000000000000000e+00 0.000000000000000000e+00 1.000000000000000000e+00 0.000000000000000000e+00 0.000000000000000000e+00 0.000000000000000000e+00 0.000000000000000000e+00 0.000000000000000000e+00 2.000000000000000000e+00 0.000000000000000000e+00 0.000000000000000000e+00 3.000000000000000000e+00 0.000000000000000000e+00 1.000000000000000000e+00 7.500000000000000000e+01
0.000000000000000000e+00 5.000000000000000000e+00 0.000000000000000000e+00 1.600000000000000000e+01 0.000000000000000000e+00 1.000000000000000000e+00 0.000000000000000000e+00 1.000000000000000000e+00 0.000000000000000000e+00 1.000000000000000000e+00 5.000000000000000000e+00 4.000000000000000000e+00 0.000000000000000000e+00 2.000000000000000000e+00 7.000000000000000000e+00 0.000000000000000000e+00 1.000000000000000000e+00 2.040000000000000000e+02
0.000000000000000000e+00 1.795000000000000000e+03 0.000000000000000000e+00 6.561000000000000000e+03 1.000000000000000000e+00 2.420000000000000000e+02 1.500000000000000000e+01 5.000000000000000000e+00 0.000000000000000000e+00 6.000000000000000000e+00 1.200000000000000000e+01 2.000000000000000000e+01 0.000000000000000000e+00 1.400000000000000000e+01 5.000000000000000000e+00 1.000000000000000000e+00 1.100000000000000000e+01 8.652100000000000000e+04
0.000000000000000000e+00 5.800000000000000000e+02 0.000000000000000000e+00 2.334100000000000000e+04 3.000000000000000000e+00 7.310000000000000000e+02 3.440000000000000000e+02 3.000000000000000000e+00 3.000000000000000000e+00 2.000000000000000000e+01 2.300000000000000000e+01 3.400000000000000000e+01 0.000000000000000000e+00 2.800000000000000000e+01 3.700000000000000000e+01 2.000000000000000000e+00 2.100000000000000000e+01 1.414800000000000000e+05
0.000000000000000000e+00 0.000000000000000000e+00 0.000000000000000000e+00 0.000000000000000000e+00 0.000000000000000000e+00 2.000000000000000000e+00 0.000000000000000000e+00 0.000000000000000000e+00 0.000000000000000000e+00 1.000000000000000000e+00 0.000000000000000000e+00 2.000000000000000000e+00 0.000000000000000000e+00 1.000000000000000000e+00 1.000000000000000000e+00 0.000000000000000000e+00 0.000000000000000000e+00 7.000000000000000000e+00
0.000000000000000000e+00 2.000000000000000000e+00 0.000000000000000000e+00 2.000000000000000000e+00 0.000000000000000000e+00 1.000000000000000000e+00 0.000000000000000000e+00 0.000000000000000000e+00 0.000000000000000000e+00 0.000000000000000000e+00 2.000000000000000000e+00 0.000000000000000000e+00 0.000000000000000000e+00 0.000000000000000000e+00 1.000000000000000000e+00 0.000000000000000000e+00 1.000000000000000000e+00 2.800000000000000000e+01
0.000000000000000000e+00 0.000000000000000000e+00 0.000000000000000000e+00 0.000000000000000000e+00 0.000000000000000000e+00 2.000000000000000000e+00 0.000000000000000000e+00 1.000000000000000000e+00 0.000000000000000000e+00 0.000000000000000000e+00 0.000000000000000000e+00 0.000000000000000000e+00 0.000000000000000000e+00 1.000000000000000000e+00 1.000000000000000000e+00 0.000000000000000000e+00 2.000000000000000000e+00 4.900000000000000000e+01
0.000000000000000000e+00 2.000000000000000000e+00 0.000000000000000000e+00 0.000000000000000000e+00 0.000000000000000000e+00 0.000000000000000000e+00 0.000000000000000000e+00 0.000000000000000000e+00 0.000000000000000000e+00 3.000000000000000000e+00 1.000000000000000000e+00 0.000000000000000000e+00 0.000000000000000000e+00 0.000000000000000000e+00 1.000000000000000000e+00 0.000000000000000000e+00 1.000000000000000000e+00 1.900000000000000000e+01
0.000000000000000000e+00 0.000000000000000000e+00 0.000000000000000000e+00 0.000000000000000000e+00 0.000000000000000000e+00 0.000000000000000000e+00 0.000000000000000000e+00 0.000000000000000000e+00 0.000000000000000000e+00 1.000000000000000000e+00 0.000000000000000000e+00 0.000000000000000000e+00 0.000000000000000000e+00 0.000000000000000000e+00 0.000000000000000000e+00 0.000000000000000000e+00 0.000000000000000000e+00 5.000000000000000000e+00
0.000000000000000000e+00 0.000000000000000000e+00 0.000000000000000000e+00 3.000000000000000000e+00 0.000000000000000000e+00 1.000000000000000000e+00 0.000000000000000000e+00 0.000000000000000000e+00 0.000000000000000000e+00 1.000000000000000000e+00 0.000000000000000000e+00 0.000000000000000000e+00 0.000000000000000000e+00 1.000000000000000000e+00 1.000000000000000000e+00 0.000000000000000000e+00 1.000000000000000000e+00 1.900000000000000000e+01
2.000000000000000000e+00 7.000000000000000000e+00 2.300000000000000000e+01 1.200000000000000000e+01 5.000000000000000000e+00 4.840000000000000000e+02 1.880000000000000000e+02 4.080000000000000000e+02 2.400000000000000000e+01 1.350000000000000000e+03 2.900000000000000000e+01 2.000000000000000000e+00 2.200000000000000000e+01 6.010000000000000000e+02 1.530000000000000000e+02 0.000000000000000000e+00 3.500000000000000000e+02 1.134000000000000000e+03
5.000000000000000000e+00 1.010000000000000000e+02 2.500000000000000000e+01 1.810000000000000000e+02 3.000000000000000000e+00 5.930000000000000000e+02 1.800000000000000000e+02 5.890000000000000000e+02 2.000000000000000000e+00 1.943000000000000000e+03 4.000000000000000000e+01 1.910000000000000000e+02 1.000000000000000000e+00 4.210000000000000000e+02 5.490000000000000000e+02 2.000000000000000000e+00 7.650000000000000000e+02 1.377500000000000000e+04
0.000000000000000000e+00 4.000000000000000000e+00 0.000000000000000000e+00 5.000000000000000000e+00 0.000000000000000000e+00 1.000000000000000000e+00 3.000000000000000000e+00 1.000000000000000000e+00 3.000000000000000000e+00 0.000000000000000000e+00 0.000000000000000000e+00 0.000000000000000000e+00 0.000000000000000000e+00 1.000000000000000000e+00 0.000000000000000000e+00 0.000000000000000000e+00 1.000000000000000000e+00 2.900000000000000000e+01
1.200000000000000000e+01 5.610000000000000000e+02 1.000000000000000000e+00 1.774000000000000000e+03 1.000000000000000000e+00 9.900000000000000000e+01 8.000000000000000000e+01 4.700000000000000000e+01 1.000000000000000000e+00 1.110000000000000000e+02 1.000000000000000000e+00 1.400000000000000000e+02 0.000000000000000000e+00 3.100000000000000000e+01 0.000000000000000000e+00 3.000000000000000000e+00 2.800000000000000000e+01 3.479790000000000000e+05
0.000000000000000000e+00 4.000000000000000000e+00 0.000000000000000000e+00 1.580000000000000000e+02 5.000000000000000000e+00 4.600000000000000000e+01 5.800000000000000000e+01 2.000000000000000000e+00 0.000000000000000000e+00 3.000000000000000000e+00 2.000000000000000000e+00 1.000000000000000000e+00 2.000000000000000000e+00 1.200000000000000000e+01 0.000000000000000000e+00 1.000000000000000000e+00 4.000000000000000000e+00 1.514660000000000000e+05
6.400000000000000000e+01 8.400000000000000000e+01 0.000000000000000000e+00 1.576000000000000000e+03 3.000000000000000000e+00 1.800000000000000000e+01 9.000000000000000000e+00 7.000000000000000000e+00 5.000000000000000000e+00 1.400000000000000000e+01 1.000000000000000000e+00 1.600000000000000000e+01 0.000000000000000000e+00 1.000000000000000000e+01 0.000000000000000000e+00 6.000000000000000000e+00 1.400000000000000000e+01 4.119650000000000000e+05
2.630000000000000000e+02 2.100000000000000000e+01 4.000000000000000000e+00 3.013000000000000000e+03 8.000000000000000000e+00 2.070000000000000000e+02 4.600000000000000000e+01 2.800000000000000000e+01 2.000000000000000000e+00 1.060000000000000000e+02 1.000000000000000000e+00 2.190000000000000000e+02 0.000000000000000000e+00 1.900000000000000000e+01 2.400000000000000000e+01 8.000000000000000000e+00 8.000000000000000000e+00 9.776200000000000000e+04
0.000000000000000000e+00 1.530000000000000000e+02 1.000000000000000000e+00 1.400000000000000000e+01 0.000000000000000000e+00 2.200000000000000000e+01 8.000000000000000000e+00 1.200000000000000000e+01 0.000000000000000000e+00 5.000000000000000000e+00 0.000000000000000000e+00 6.000000000000000000e+00 0.000000000000000000e+00 2.000000000000000000e+00 0.000000000000000000e+00 0.000000000000000000e+00 2.000000000000000000e+00 4.950000000000000000e+02
0.000000000000000000e+00 6.000000000000000000e+00 9.000000000000000000e+00 1.700000000000000000e+01 1.100000000000000000e+01 2.600000000000000000e+02 3.190000000000000000e+02 1.660000000000000000e+02 2.000000000000000000e+00 5.400000000000000000e+01 1.090000000000000000e+02 3.000000000000000000e+01 4.400000000000000000e+01 6.300000000000000000e+01 7.800000000000000000e+01 2.000000000000000000e+00 5.100000000000000000e+01 3.040000000000000000e+02
0.000000000000000000e+00 2.000000000000000000e+00 0.000000000000000000e+00 8.000000000000000000e+00 2.000000000000000000e+00 1.400000000000000000e+01 1.100000000000000000e+01 1.000000000000000000e+00 1.200000000000000000e+01 8.000000000000000000e+00 2.000000000000000000e+00 4.000000000000000000e+00 0.000000000000000000e+00 5.000000000000000000e+00 3.000000000000000000e+00 0.000000000000000000e+00 2.300000000000000000e+01 1.084000000000000000e+03
0.000000000000000000e+00 3.000000000000000000e+00 1.000000000000000000e+00 4.000000000000000000e+00 4.000000000000000000e+00 1.760000000000000000e+02 4.600000000000000000e+01 4.200000000000000000e+01 9.000000000000000000e+00 5.500000000000000000e+01 1.000000000000000000e+00 0.000000000000000000e+00 0.000000000000000000e+00 1.800000000000000000e+01 2.100000000000000000e+01 1.000000000000000000e+00 2.700000000000000000e+01 9.700000000000000000e+01
0.000000000000000000e+00 1.000000000000000000e+00 0.000000000000000000e+00 0.000000000000000000e+00 6.000000000000000000e+00 3.500000000000000000e+01 2.200000000000000000e+01 7.000000000000000000e+00 0.000000000000000000e+00 2.200000000000000000e+01 1.000000000000000000e+00 0.000000000000000000e+00 0.000000000000000000e+00 3.000000000000000000e+00 3.000000000000000000e+00 1.000000000000000000e+00 3.000000000000000000e+00 5.300000000000000000e+01
5.000000000000000000e+00 3.000000000000000000e+01 5.000000000000000000e+01 2.200000000000000000e+01 8.000000000000000000e+00 8.650000000000000000e+02 4.900000000000000000e+02 1.495000000000000000e+03 6.000000000000000000e+00 2.491000000000000000e+03 5.990000000000000000e+02 1.100000000000000000e+01 1.000000000000000000e+01 1.064000000000000000e+03 5.316000000000000000e+03 1.800000000000000000e+01 1.012000000000000000e+03 2.663000000000000000e+03
5.000000000000000000e+00 3.000000000000000000e+01 5.000000000000000000e+01 2.200000000000000000e+01 8.000000000000000000e+00 8.650000000000000000e+02 4.900000000000000000e+02 1.495000000000000000e+03 6.000000000000000000e+00 2.491000000000000000e+03 5.990000000000000000e+02 1.100000000000000000e+01 1.000000000000000000e+01 1.064000000000000000e+03 5.316000000000000000e+03 1.800000000000000000e+01 1.012000000000000000e+03 2.663000000000000000e+03
0.000000000000000000e+00 2.000000000000000000e+00 5.000000000000000000e+00 2.000000000000000000e+00 0.000000000000000000e+00 5.900000000000000000e+01 4.100000000000000000e+01 1.700000000000000000e+01 3.000000000000000000e+00 7.400000000000000000e+01 3.000000000000000000e+00 1.000000000000000000e+00 0.000000000000000000e+00 3.700000000000000000e+01 5.000000000000000000e+00 0.000000000000000000e+00 3.300000000000000000e+01 2.510000000000000000e+02
1.000000000000000000e+00 3.500000000000000000e+01 2.400000000000000000e+01 2.400000000000000000e+01 1.000000000000000000e+00 1.140000000000000000e+02 2.740000000000000000e+02 2.740000000000000000e+02 2.000000000000000000e+00 3.800000000000000000e+02 4.200000000000000000e+01 7.000000000000000000e+00 0.000000000000000000e+00 3.780000000000000000e+02 1.640000000000000000e+02 0.000000000000000000e+00 1.090000000000000000e+02 8.050000000000000000e+02
0.000000000000000000e+00 0.000000000000000000e+00 1.000000000000000000e+00 1.000000000000000000e+00 1.000000000000000000e+00 2.700000000000000000e+01 5.000000000000000000e+00 5.000000000000000000e+00 2.000000000000000000e+00 8.000000000000000000e+00 1.000000000000000000e+00 0.000000000000000000e+00 0.000000000000000000e+00 2.000000000000000000e+00 1.000000000000000000e+00 0.000000000000000000e+00 4.000000000000000000e+00 1.920000000000000000e+02
0.000000000000000000e+00 6.000000000000000000e+00 2.000000000000000000e+00 1.900000000000000000e+01 2.000000000000000000e+00 2.720000000000000000e+02 8.000000000000000000e+01 1.650000000000000000e+02 1.300000000000000000e+01 3.830000000000000000e+02 3.900000000000000000e+01 0.000000000000000000e+00 0.000000000000000000e+00 3.200000000000000000e+01 6.400000000000000000e+01 0.000000000000000000e+00 5.900000000000000000e+01 3.034000000000000000e+03
