0.000000000000000000e+00 1.000000000000000000e+00 1.500000000000000000e+01 1.083800000000000000e+04 0.000000000000000000e+00 0.000000000000000000e+00 0.000000000000000000e+00 9.000000000000000000e+00 2.367000000000000000e+03 4.676000000000000000e+03 0.000000000000000000e+00 1.300000000000000000e+01 1.000000000000000000e+00 7.000000000000000000e+01 1.000000000000000000e+00 2.000000000000000000e+00 1.000000000000000000e+00 8.000000000000000000e+00 0.000000000000000000e+00 1.000000000000000000e+01 0.000000000000000000e+00
0.000000000000000000e+00 0.000000000000000000e+00 0.000000000000000000e+00 1.240000000000000000e+02 0.000000000000000000e+00 0.000000000000000000e+00 0.000000000000000000e+00 0.000000000000000000e+00 3.000000000000000000e+00 1.220000000000000000e+02 0.000000000000000000e+00 0.000000000000000000e+00 0.000000000000000000e+00 8.000000000000000000e+00 0.000000000000000000e+00 0.000000000000000000e+00 0.000000000000000000e+00 0.000000000000000000e+00 0.000000000000000000e+00 0.000000000000000000e+00 0.000000000000000000e+00
0.000000000000000000e+00 1.400000000000000000e+01 1.710000000000000000e+02 3.960900000000000000e+04 1.000000000000000000e+00 2.000000000000000000e+00 0.000000000000000000e+00 4.800000000000000000e+01 2.642000000000000000e+03 2.880000000000000000e+03 0.000000000000000000e+00 1.000000000000000000e+01 3.000000000000000000e+00 1.408900000000000000e+04 7.000000000000000000e+00 4.700000000000000000e+01 8.000000000000000000e+00 2.500000000000000000e+01 0.000000000000000000e+00 7.000000000000000000e+00 5.000000000000000000e+00
1.000000000000000000e+00 2.300000000000000000e+01 1.600000000000000000e+02 2.885700000000000000e+04 0.000000000000000000e+00 5.000000000000000000e+00 0.000000000000000000e+00 5.200000000000000000e+01 2.660000000000000000e+03 2.050000000000000000e+03 2.000000000000000000e+00 1.700000000000000000e+01 3.000000000000000000e+00 4.878400000000000000e+04 1.900000000000000000e+01 1.160000000000000000e+02 6.000000000000000000e+00 2.300000000000000000e+01 5.000000000000000000e+00 2.400000000000000000e+01 1.000000000000000000e+00
3.000000000000000000e+00 8.900000000000000000e+01 6.700000000000000000e+01 2.195330000000000000e+05 1.000000000000000000e+00 9.000000000000000000e+00 0.000000000000000000e+00 2.770000000000000000e+02 2.753000000000000000e+03 5.334000000000000000e+03 1.000000000000000000e+00 5.800000000000000000e+01 4.100000000000000000e+01 9.597400000000000000e+04 4.400000000000000000e+01 2.470000000000000000e+02 7.000000000000000000e+00 1.100000000000000000e+02 4.000000000000000000e+00 5.800000000000000000e+01 7.000000000000000000e+00
4.000000000000000000e+00 2.600000000000000000e+01 3.100000000000000000e+01 2.652000000000000000e+04 1.000000000000000000e+00 3.000000000000000000e+00 0.000000000000000000e+00 3.600000000000000000e+01 2.900000000000000000e+02 1.026400000000000000e+04 0.000000000000000000e+00 3.000000000000000000e+00 1.000000000000000000e+00 2.834200000000000000e+04 9.000000000000000000e+00 7.600000000000000000e+01 1.000000000000000000e+00 1.500000000000000000e+01 0.000000000000000000e+00 1.990000000000000000e+02 5.000000000000000000e+01
2.000000000000000000e+00 1.200000000000000000e+01 6.500000000000000000e+01 1.943500000000000000e+04 1.000000000000000000e+00 4.000000000000000000e+00 0.000000000000000000e+00 1.100000000000000000e+01 1.103000000000000000e+03 3.328600000000000000e+04 1.000000000000000000e+00 3.000000000000000000e+00 1.600000000000000000e+01 1.115100000000000000e+04 1.100000000000000000e+01 6.300000000000000000e+01 1.000000000000000000e+00 2.200000000000000000e+01 1.000000000000000000e+00 1.000000000000000000e+01 6.300000000000000000e+01
1.000000000000000000e+00 1.500000000000000000e+01 2.800000000000000000e+01 2.447900000000000000e+04 0.000000000000000000e+00 4.000000000000000000e+00 0.000000000000000000e+00 2.200000000000000000e+01 3.710000000000000000e+02 5.211100000000000000e+04 1.000000000000000000e+00 3.600000000000000000e+01 9.000000000000000000e+00 5.975000000000000000e+03 5.000000000000000000e+00 2.600000000000000000e+01 1.000000000000000000e+00 8.000000000000000000e+00 0.000000000000000000e+00 1.470000000000000000e+02 1.746000000000000000e+03
0.000000000000000000e+00 7.000000000000000000e+00 1.200000000000000000e+01 5.878000000000000000e+03 0.000000000000000000e+00 0.000000000000000000e+00 0.000000000000000000e+00 9.000000000000000000e+00 3.910000000000000000e+02 2.204000000000000000e+04 0.000000000000000000e+00 1.500000000000000000e+01 2.400000000000000000e+01 8.497000000000000000e+03 3.000000000000000000e+00 2.900000000000000000e+01 5.000000000000000000e+00 6.000000000000000000e+00 0.000000000000000000e+00 1.620000000000000000e+02 7.650000000000000000e+02
2.000000000000000000e+00 1.500000000000000000e+01 2.800000000000000000e+01 1.642900000000000000e+04 1.000000000000000000e+00 3.000000000000000000e+00 8.000000000000000000e+00 2.300000000000000000e+01 1.281000000000000000e+03 5.171700000000000000e+04 2.000000000000000000e+00 1.500000000000000000e+01 9.000000000000000000e+00 2.635600000000000000e+04 2.400000000000000000e+01 9.100000000000000000e+01 7.000000000000000000e+00 1.600000000000000000e+01 1.000000000000000000e+00 3.302000000000000000e+03 4.117000000000000000e+03
0.000000000000000000e+00 0.000000000000000000e+00 0.000000000000000000e+00 6.000000000000000000e+00 0.000000000000000000e+00 0.000000000000000000e+00 0.000000000000000000e+00 0.000000000000000000e+00 5.000000000000000000e+00 3.600000000000000000e+01 0.000000000000000000e+00 5.000000000000000000e+00 0.000000000000000000e+00 1.000000000000000000e+00 0.000000000000000000e+00 0.000000000000000000e+00 0.000000000000000000e+00 0.000000000000000000e+00 0.000000000000000000e+00 2.000000000000000000e+00 0.000000000000000000e+00
1.000000000000000000e+00 1.800000000000000000e+01 1.000000000000000000e+00 1.250000000000000000e+04 0.000000000000000000e+00 1.000000000000000000e+00 0.000000000000000000e+00 1.500000000000000000e+01 1.538000000000000000e+03 5.140000000000000000e+03 0.000000000000000000e+00 1.720000000000000000e+02 4.000000000000000000e+00 4.827000000000000000e+03 7.000000000000000000e+00 7.000000000000000000e+01 3.000000000000000000e+00 8.000000000000000000e+00 2.000000000000000000e+00 2.460000000000000000e+02 7.860000000000000000e+02
1.000000000000000000e+00 6.000000000000000000e+00 1.000000000000000000e+00 2.580000000000000000e+03 0.000000000000000000e+00 1.000000000000000000e+00 2.000000000000000000e+00 6.000000000000000000e+00 1.082000000000000000e+03 9.890000000000000000e+02 1.000000000000000000e+00 4.910000000000000000e+02 6.300000000000000000e+01 1.000000000000000000e+01 2.000000000000000000e+00 2.000000000000000000e+00 2.000000000000000000e+00 1.000000000000000000e+00 0.000000000000000000e+00 4.000000000000000000e+00 1.434000000000000000e+03
0.000000000000000000e+00 0.000000000000000000e+00 1.000000000000000000e+00 9.000000000000000000e+00 0.000000000000000000e+00 0.000000000000000000e+00 0.000000000000000000e+00 0.000000000000000000e+00 4.000000000000000000e+00 1.550000000000000000e+02 0.000000000000000000e+00 0.000000000000000000e+00 0.000000000000000000e+00 0.000000000000000000e+00 0.000000000000000000e+00 0.000000000000000000e+00 0.000000000000000000e+00 0.000000000000000000e+00 0.000000000000000000e+00 1.000000000000000000e+00 0.000000000000000000e+00
0.000000000000000000e+00 2.000000000000000000e+00 0.000000000000000000e+00 1.750000000000000000e+02 0.000000000000000000e+00 1.000000000000000000e+00 1.000000000000000000e+00 0.000000000000000000e+00 1.500000000000000000e+01 3.930000000000000000e+02 0.000000000000000000e+00 2.000000000000000000e+00 3.000000000000000000e+00 4.000000000000000000e+00 0.000000000000000000e+00 4.000000000000000000e+00 1.000000000000000000e+00 1.000000000000000000e+00 2.000000000000000000e+00 1.000000000000000000e+00 1.156000000000000000e+03
0.000000000000000000e+00 7.000000000000000000e+00 0.000000000000000000e+00 1.197900000000000000e+04 0.000000000000000000e+00 0.000000000000000000e+00 2.000000000000000000e+00 1.700000000000000000e+01 4.000000000000000000e+01 8.960000000000000000e+02 0.000000000000000000e+00 8.000000000000000000e+00 0.000000000000000000e+00 0.000000000000000000e+00 1.000000000000000000e+00 0.000000000000000000e+00 0.000000000000000000e+00 8.000000000000000000e+00 2.000000000000000000e+01 3.000000000000000000e+00 3.000000000000000000e+00
1.000000000000000000e+00 2.000000000000000000e+00 1.700000000000000000e+01 3.284000000000000000e+03 0.000000000000000000e+00 1.000000000000000000e+00 0.000000000000000000e+00 3.000000000000000000e+00 2.060000000000000000e+02 8.995000000000000000e+03 1.000000000000000000e+00 3.000000000000000000e+00 1.000000000000000000e+00 2.059000000000000000e+03 1.000000000000000000e+00 6.000000000000000000e+00 0.000000000000000000e+00 3.000000000000000000e+00 2.000000000000000000e+00 4.000000000000000000e+00 1.000000000000000000e+00
0.000000000000000000e+00 0.000000000000000000e+00 0.000000000000000000e+00 5.000000000000000000e+00 0.000000000000000000e+00 0.000000000000000000e+00 0.000000000000000000e+00 0.000000000000000000e+00 2.000000000000000000e+00 2.700000000000000000e+01 0.000000000000000000e+00 0.000000000000000000e+00 0.000000000000000000e+00 1.000000000000000000e+00 0.000000000000000000e+00 0.000000000000000000e+00 0.000000000000000000e+00 0.000000000000000000e+00 0.000000000000000000e+00 1.000000000000000000e+00 1.000000000000000000e+00
2.000000000000000000e+00 6.000000000000000000e+00 4.900000000000000000e+01 9.460000000000000000e+03 0.000000000000000000e+00 0.000000000000000000e+00 0.000000000000000000e+00 1.800000000000000000e+01 1.430000000000000000e+03 5.532300000000000000e+04 1.000000000000000000e+00 9.000000000000000000e+00 3.000000000000000000e+00 4.525000000000000000e+03 5.000000000000000000e+00 3.400000000000000000e+01 1.000000000000000000e+00 7.000000000000000000e+00 1.000000000000000000e+00 2.000000000000000000e+00 2.000000000000000000e+00
4.000000000000000000e+00 9.000000000000000000e+00 1.170000000000000000e+02 5.121300000000000000e+04 1.000000000000000000e+00 1.000000000000000000e+00 1.000000000000000000e+00 7.800000000000000000e+01 4.131000000000000000e+03 6.331000000000000000e+03 0.000000000000000000e+00 2.700000000000000000e+01 1.100000000000000000e+01 2.069000000000000000e+03 2.000000000000000000e+00 5.300000000000000000e+01 1.500000000000000000e+01 2.600000000000000000e+01 0.000000000000000000e+00 0.000000000000000000e+00 2.000000000000000000e+00
0.000000000000000000e+00 1.000000000000000000e+01 1.600000000000000000e+01 1.956900000000000000e+04 0.000000000000000000e+00 2.000000000000000000e+00 0.000000000000000000e+00 3.500000000000000000e+01 4.570000000000000000e+03 1.606050000000000000e+05 0.000000000000000000e+00 2.200000000000000000e+01 3.100000000000000000e+01 4.250000000000000000e+02 5.000000000000000000e+00 1.900000000000000000e+01 2.000000000000000000e+00 1.400000000000000000e+01 1.700000000000000000e+01 1.190000000000000000e+02 0.000000000000000000e+00
2.000000000000000000e+00 4.000000000000000000e+00 1.000000000000000000e+00 3.537000000000000000e+03 1.000000000000000000e+00 5.000000000000000000e+00 1.000000000000000000e+00 8.000000000000000000e+00 2.205000000000000000e+03 1.831500000000000000e+04 0.000000000000000000e+00 0.000000000000000000e+00 2.000000000000000000e+00 1.040000000000000000e+02 1.000000000000000000e+00 5.000000000000000000e+00 2.000000000000000000e+00 2.000000000000000000e+00 0.000000000000000000e+00 6.000000000000000000e+00 0.000000000000000000e+00
0.000000000000000000e+00 1.100000000000000000e+01 1.700000000000000000e+01 2.150000000000000000e+02 1.000000000000000000e+00 0.000000000000000000e+00 1.000000000000000000e+00 1.000000000000000000e+00 2.137100000000000000e+04 4.341800000000000000e+04 0.000000000000000000e+00 6.000000000000000000e+00 7.000000000000000000e+00 1.000000000000000000e+01 4.000000000000000000e+00 1.500000000000000000e+01 2.000000000000000000e+00 0.000000000000000000e+00 1.000000000000000000e+00 2.300000000000000000e+01 3.100000000000000000e+01
2.000000000000000000e+00 1.000000000000000000e+00 4.000000000000000000e+00 2.270000000000000000e+02 0.000000000000000000e+00 1.000000000000000000e+00 1.000000000000000000e+00 0.000000000000000000e+00 3.254000000000000000e+03 2.068800000000000000e+04 1.000000000000000000e+00 2.520000000000000000e+02 1.000000000000000000e+00 1.000000000000000000e+00 2.000000000000000000e+00 3.000000000000000000e+00 3.000000000000000000e+00 1.000000000000000000e+00 0.000000000000000000e+00 5.000000000000000000e+00 4.000000000000000000e+00
0.000000000000000000e+00 1.000000000000000000e+00 6.000000000000000000e+01 1.269000000000000000e+03 0.000000000000000000e+00 0.000000000000000000e+00 1.000000000000000000e+00 0.000000000000000000e+00 2.170000000000000000e+02 7.974500000000000000e+04 0.000000000000000000e+00 2.000000000000000000e+01 3.000000000000000000e+00 1.170000000000000000e+02 0.000000000000000000e+00 6.000000000000000000e+00 1.000000000000000000e+00 0.000000000000000000e+00 2.000000000000000000e+00 2.340000000000000000e+02 1.500000000000000000e+01
0.000000000000000000e+00 1.000000000000000000e+00 3.300000000000000000e+01 2.074000000000000000e+03 0.000000000000000000e+00 0.000000000000000000e+00 0.000000000000000000e+00 3.000000000000000000e+00 4.720000000000000000e+02 1.953200000000000000e+04 0.000000000000000000e+00 4.680000000000000000e+02 4.500000000000000000e+01 8.200000000000000000e+01 1.000000000000000000e+00 2.000000000000000000e+00 0.000000000000000000e+00 1.000000000000000000e+00 1.000000000000000000e+00 9.190000000000000000e+02 7.000000000000000000e+00
0.000000000000000000e+00 1.000000000000000000e+00 5.500000000000000000e+01 3.111000000000000000e+03 0.000000000000000000e+00 0.000000000000000000e+00 2.000000000000000000e+00 2.000000000000000000e+00 2.625000000000000000e+03 4.148000000000000000e+04 0.000000000000000000e+00 1.096700000000000000e+04 1.122000000000000000e+03 6.800000000000000000e+01 1.000000000000000000e+00 4.000000000000000000e+00 3.000000000000000000e+00 2.000000000000000000e+00 0.000000000000000000e+00 3.087000000000000000e+03 1.200000000000000000e+01
1.000000000000000000e+00 4.000000000000000000e+00 0.000000000000000000e+00 2.130000000000000000e+02 0.000000000000000000e+00 0.000000000000000000e+00 1.000000000000000000e+00 3.000000000000000000e+00 2.000000000000000000e+01 2.970000000000000000e+02 1.000000000000000000e+00 1.000000000000000000e+01 4.000000000000000000e+00 2.000000000000000000e+00 1.000000000000000000e+00 2.000000000000000000e+00 0.000000000000000000e+00 0.000000000000000000e+00 2.000000000000000000e+00 0.000000000000000000e+00 2.500000000000000000e+01
1.000000000000000000e+00 5.000000000000000000e+00 0.000000000000000000e+00 2.310000000000000000e+02 0.000000000000000000e+00 0.000000000000000000e+00 1.000000000000000000e+00 0.000000000000000000e+00 1.500000000000000000e+01 2.280000000000000000e+02 0.000000000000000000e+00 6.000000000000000000e+00 0.000000000000000000e+00 7.000000000000000000e+00 2.000000000000000000e+00 0.000000000000000000e+00 0.000000000000000000e+00 0.000000000000000000e+00 2.000000000000000000e+00 0.000000000000000000e+00 1.200000000000000000e+01
2.000000000000000000e+00 2.000000000000000000e+00 0.000000000000000000e+00 2.550000000000000000e+02 0.000000000000000000e+00 0.000000000000000000e+00 0.000000000000000000e+00 1.000000000000000000e+00 9.000000000000000000e+00 2.780000000000000000e+02 0.000000000000000000e+00 2.000000000000000000e+00 3.000000000000000000e+00 2.000000000000000000e+00 1.000000000000000000e+00 0.000000000000000000e+00 0.000000000000000000e+00 0.000000000000000000e+00 2.000000000000000000e+00 0.000000000000000000e+00 7.000000000000000000e+01
1.000000000000000000e+00 1.000000000000000000e+00 0.000000000000000000e+00 1.310000000000000000e+02 0.000000000000000000e+00 1.000000000000000000e+00 1.000000000000000000e+00 0.000000000000000000e+00 1.000000000000000000e+01 2.920000000000000000e+02 0.000000000000000000e+00 5.000000000000000000e+00 3.000000000000000000e+00 0.000000000000000000e+00 1.000000000000000000e+00 0.000000000000000000e+00 1.000000000000000000e+00 0.000000000000000000e+00 4.000000000000000000e+00 0.000000000000000000e+00 4.000000000000000000e+00
0.000000000000000000e+00 2.000000000000000000e+00 1.000000000000000000e+00 7.850000000000000000e+02 0.000000000000000000e+00 0.000000000000000000e+00 0.000000000000000000e+00 0.000000000000000000e+00 4.350000000000000000e+02 9.338000000000000000e+03 0.000000000000000000e+00 6.200000000000000000e+01 4.000000000000000000e+01 4.000000000000000000e+00 1.000000000000000000e+00 0.000000000000000000e+00 0.000000000000000000e+00 0.000000000000000000e+00 2.000000000000000000e+00 2.870000000000000000e+02 2.000000000000000000e+01
0.000000000000000000e+00 4.000000000000000000e+00 1.480000000000000000e+02 5.220000000000000000e+02 0.000000000000000000e+00 0.000000000000000000e+00 0.000000000000000000e+00 1.000000000000000000e+00 5.330000000000000000e+02 9.082500000000000000e+04 0.000000000000000000e+00 5.000000000000000000e+00 0.000000000000000000e+00 1.350000000000000000e+02 0.000000000000000000e+00 6.000000000000000000e+00 2.000000000000000000e+00 0.000000000000000000e+00 0.000000000000000000e+00 1.800000000000000000e+02 0.000000000000000000e+00
0.000000000000000000e+00 0.000000000000000000e+00 1.830000000000000000e+02 1.003900000000000000e+04 0.000000000000000000e+00 0.000000000000000000e+00 1.000000000000000000e+00 1.100000000000000000e+01 4.980000000000000000e+02 4.463500000000000000e+04 0.000000000000000000e+00 6.000000000000000000e+00 1.000000000000000000e+00 5.000000000000000000e+00 0.000000000000000000e+00 5.000000000000000000e+00 0.000000000000000000e+00 5.000000000000000000e+00 0.000000000000000000e+00 4.400000000000000000e+01 0.000000000000000000e+00
0.000000000000000000e+00 1.000000000000000000e+00 4.500000000000000000e+01 9.540000000000000000e+02 0.000000000000000000e+00 0.000000000000000000e+00 0.000000000000000000e+00 2.000000000000000000e+00 1.488000000000000000e+03 6.802200000000000000e+04 0.000000000000000000e+00 3.600000000000000000e+01 0.000000000000000000e+00 3.000000000000000000e+00 0.000000000000000000e+00 1.000000000000000000e+00 1.000000000000000000e+00 1.000000000000000000e+00 0.000000000000000000e+00 3.650000000000000000e+02 0.000000000000000000e+00
0.000000000000000000e+00 4.000000000000000000e+00 7.100000000000000000e+01 4.795000000000000000e+03 0.000000000000000000e+00 0.000000000000000000e+00 0.000000000000000000e+00 1.200000000000000000e+01 3.833000000000000000e+03 4.867800000000000000e+04 1.000000000000000000e+00 1.000000000000000000e+01 4.000000000000000000e+00 9.000000000000000000e+00 0.000000000000000000e+00 5.000000000000000000e+00 1.000000000000000000e+00 1.000000000000000000e+00 0.000000000000000000e+00 1.000000000000000000e+00 1.000000000000000000e+00
0.000000000000000000e+00 1.000000000000000000e+00 2.700000000000000000e+01 1.040300000000000000e+04 0.000000000000000000e+00 0.000000000000000000e+00 0.000000000000000000e+00 1.900000000000000000e+01 5.590000000000000000e+03 5.542800000000000000e+04 1.000000000000000000e+00 5.000000000000000000e+00 5.000000000000000000e+00 9.000000000000000000e+00 0.000000000000000000e+00 1.000000000000000000e+00 0.000000000000000000e+00 5.000000000000000000e+00 0.000000000000000000e+00 2.500000000000000000e+01 0.000000000000000000e+00
3.000000000000000000e+00 5.000000000000000000e+00 1.010000000000000000e+02 2.865900000000000000e+04 1.000000000000000000e+00 1.000000000000000000e+00 0.000000000000000000e+00 4.800000000000000000e+01 2.574700000000000000e+04 1.885990000000000000e+05 0.000000000000000000e+00 2.700000000000000000e+01 6.000000000000000000e+00 4.000000000000000000e+00 0.000000000000000000e+00 9.000000000000000000e+00 4.000000000000000000e+00 2.300000000000000000e+01 0.000000000000000000e+00 3.000000000000000000e+00 5.000000000000000000e+00
1.000000000000000000e+00 6.000000000000000000e+00 0.000000000000000000e+00 6.195000000000000000e+03 0.000000000000000000e+00 2.000000000000000000e+00 0.000000000000000000e+00 3.000000000000000000e+00 1.018000000000000000e+03 7.536100000000000000e+04 1.000000000000000000e+00 2.800000000000000000e+01 2.400000000000000000e+01 1.000000000000000000e+00 0.000000000000000000e+00 1.600000000000000000e+01 0.000000000000000000e+00 3.000000000000000000e+00 1.000000000000000000e+00 1.400000000000000000e+01 2.000000000000000000e+00
1.100000000000000000e+01 5.400000000000000000e+01 2.320000000000000000e+02 5.882000000000000000e+03 1.000000000000000000e+00 4.000000000000000000e+00 5.000000000000000000e+00 1.300000000000000000e+01 6.360000000000000000e+03 1.202014000000000000e+06 7.000000000000000000e+00 1.793000000000000000e+03 3.153000000000000000e+03 0.000000000000000000e+00 1.400000000000000000e+01 9.000000000000000000e+01 1.500000000000000000e+01 7.000000000000000000e+00 2.000000000000000000e+00 2.206000000000000000e+03 3.508000000000000000e+03
3.000000000000000000e+00 8.000000000000000000e+00 0.000000000000000000e+00 2.100000000000000000e+01 0.000000000000000000e+00 0.000000000000000000e+00 2.000000000000000000e+00 3.000000000000000000e+00 4.551000000000000000e+03 5.987300000000000000e+04 0.000000000000000000e+00 3.272500000000000000e+04 1.165000000000000000e+03 1.000000000000000000e+00 0.000000000000000000e+00 4.000000000000000000e+00 0.000000000000000000e+00 0.000000000000000000e+00 0.000000000000000000e+00 8.600000000000000000e+01 7.010000000000000000e+02
2.000000000000000000e+00 1.000000000000000000e+00 0.000000000000000000e+00 1.400000000000000000e+01 0.000000000000000000e+00 1.000000000000000000e+00 0.000000000000000000e+00 0.000000000000000000e+00 8.097000000000000000e+03 2.329600000000000000e+04 2.000000000000000000e+00 7.780000000000000000e+02 8.920000000000000000e+02 4.000000000000000000e+00 0.000000000000000000e+00 1.000000000000000000e+00 2.000000000000000000e+00 0.000000000000000000e+00 0.000000000000000000e+00 4.000000000000000000e+00 1.387000000000000000e+03
8.000000000000000000e+00 1.000000000000000000e+00 2.000000000000000000e+00 3.490000000000000000e+02 0.000000000000000000e+00 0.000000000000000000e+00 1.000000000000000000e+00 1.000000000000000000e+00 1.060000000000000000e+02 1.355000000000000000e+03 0.000000000000000000e+00 9.590000000000000000e+02 4.770000000000000000e+02 9.000000000000000000e+00 0.000000000000000000e+00 1.000000000000000000e+00 1.000000000000000000e+00 0.000000000000000000e+00 3.000000000000000000e+00 1.000000000000000000e+01 2.018000000000000000e+03
3.000000000000000000e+00 5.000000000000000000e+00 2.000000000000000000e+00 1.370000000000000000e+02 1.000000000000000000e+00 1.000000000000000000e+00 4.000000000000000000e+00 5.000000000000000000e+00 6.100000000000000000e+01 1.150000000000000000e+03 0.000000000000000000e+00 2.860000000000000000e+02 4.078000000000000000e+03 2.500000000000000000e+01 1.000000000000000000e+00 7.000000000000000000e+00 1.000000000000000000e+00 1.000000000000000000e+00 2.000000000000000000e+00 2.000000000000000000e+00 1.429000000000000000e+04
6.000000000000000000e+00 4.000000000000000000e+01 9.800000000000000000e+01 3.770000000000000000e+03 0.000000000000000000e+00 2.000000000000000000e+00 2.000000000000000000e+00 4.000000000000000000e+00 8.290000000000000000e+02 1.925300000000000000e+04 1.000000000000000000e+00 1.283000000000000000e+03 2.611000000000000000e+03 1.110000000000000000e+02 4.000000000000000000e+00 5.000000000000000000e+00 0.000000000000000000e+00 5.000000000000000000e+00 8.000000000000000000e+00 1.280000000000000000e+02 4.859000000000000000e+03
0.000000000000000000e+00 0.000000000000000000e+00 0.000000000000000000e+00 2.000000000000000000e+00 0.000000000000000000e+00 0.000000000000000000e+00 0.000000000000000000e+00 0.000000000000000000e+00 9.000000000000000000e+00 9.000000000000000000e+01 0.000000000000000000e+00 1.300000000000000000e+01 0.000000000000000000e+00 3.000000000000000000e+00 0.000000000000000000e+00 0.000000000000000000e+00 0.000000000000000000e+00 0.000000000000000000e+00 0.000000000000000000e+00 1.000000000000000000e+00 0.000000000000000000e+00
2.000000000000000000e+00 6.000000000000000000e+00 0.000000000000000000e+00 1.890000000000000000e+02 0.000000000000000000e+00 9.000000000000000000e+00 4.000000000000000000e+00 1.000000000000000000e+00 3.800000000000000000e+01 4.820000000000000000e+02 0.000000000000000000e+00 6.400000000000000000e+01 3.829000000000000000e+03 0.000000000000000000e+00 3.000000000000000000e+00 5.000000000000000000e+00 0.000000000000000000e+00 0.000000000000000000e+00 2.000000000000000000e+00 3.000000000000000000e+00 1.714900000000000000e+04
1.500000000000000000e+01 1.500000000000000000e+01 7.000000000000000000e+00 3.520000000000000000e+02 1.200000000000000000e+01 1.500000000000000000e+01 1.300000000000000000e+01 1.000000000000000000e+00 1.860000000000000000e+02 2.683000000000000000e+03 1.300000000000000000e+01 1.590000000000000000e+02 1.980000000000000000e+02 0.000000000000000000e+00 9.000000000000000000e+00 2.000000000000000000e+00 4.000000000000000000e+00 1.000000000000000000e+00 1.400000000000000000e+01 4.100000000000000000e+01 1.165000000000000000e+03
2.000000000000000000e+00 1.400000000000000000e+01 6.000000000000000000e+00 7.300000000000000000e+02 1.000000000000000000e+00 5.000000000000000000e+00 6.000000000000000000e+00 1.000000000000000000e+00 3.720000000000000000e+02 5.154000000000000000e+03 7.000000000000000000e+00 2.120000000000000000e+02 8.350000000000000000e+02 0.000000000000000000e+00 3.000000000000000000e+00 1.000000000000000000e+00 1.000000000000000000e+00 0.000000000000000000e+00 3.000000000000000000e+00 3.000000000000000000e+01 1.700000000000000000e+01
7.000000000000000000e+00 3.000000000000000000e+01 5.000000000000000000e+00 1.970000000000000000e+02 0.000000000000000000e+00 1.000000000000000000e+01 4.000000000000000000e+00 4.000000000000000000e+00 7.300000000000000000e+01 9.430000000000000000e+02 9.000000000000000000e+00 5.300000000000000000e+01 7.430000000000000000e+02 1.000000000000000000e+00 4.000000000000000000e+00 3.000000000000000000e+00 2.000000000000000000e+00 0.000000000000000000e+00 6.000000000000000000e+00 0.000000000000000000e+00 0.000000000000000000e+00
4.000000000000000000e+00 5.560000000000000000e+02 1.100000000000000000e+01 4.000000000000000000e+01 1.000000000000000000e+00 0.000000000000000000e+00 4.000000000000000000e+00 1.000000000000000000e+00 2.661600000000000000e+04 1.624990000000000000e+05 0.000000000000000000e+00 7.868400000000000000e+04 2.140000000000000000e+03 7.000000000000000000e+00 1.000000000000000000e+00 3.600000000000000000e+01 1.400000000000000000e+01 0.000000000000000000e+00 2.100000000000000000e+01 7.126000000000000000e+03 1.070000000000000000e+02
0.000000000000000000e+00 2.100000000000000000e+02 5.000000000000000000e+00 1.800000000000000000e+01 0.000000000000000000e+00 0.000000000000000000e+00 0.000000000000000000e+00 1.000000000000000000e+00 9.307000000000000000e+03 8.372900000000000000e+04 0.000000000000000000e+00 7.796700000000000000e+04 5.410000000000000000e+02 5.000000000000000000e+00 0.000000000000000000e+00 1.000000000000000000e+01 2.000000000000000000e+00 0.000000000000000000e+00 1.000000000000000000e+00 1.305000000000000000e+03 9.000000000000000000e+01
1.000000000000000000e+00 4.300000000000000000e+01 2.000000000000000000e+00 2.200000000000000000e+01 0.000000000000000000e+00 0.000000000000000000e+00 0.000000000000000000e+00 0.000000000000000000e+00 3.630000000000000000e+02 7.393900000000000000e+04 0.000000000000000000e+00 1.300000000000000000e+01 1.000000000000000000e+00 1.400000000000000000e+01 0.000000000000000000e+00 5.000000000000000000e+00 1.000000000000000000e+00 0.000000000000000000e+00 0.000000000000000000e+00 2.100000000000000000e+01 4.000000000000000000e+00
1.000000000000000000e+00 3.000000000000000000e+00 2.000000000000000000e+01 3.900000000000000000e+01 1.000000000000000000e+00 0.000000000000000000e+00 3.000000000000000000e+00 1.000000000000000000e+00 8.899000000000000000e+03 1.052710000000000000e+05 1.000000000000000000e+00 5.500000000000000000e+01 7.000000000000000000e+00 2.000000000000000000e+00 6.000000000000000000e+00 2.000000000000000000e+01 1.500000000000000000e+01 0.000000000000000000e+00 1.000000000000000000e+00 5.730000000000000000e+02 1.300000000000000000e+01
1.100000000000000000e+01 8.000000000000000000e+00 4.200000000000000000e+01 9.200000000000000000e+01 0.000000000000000000e+00 1.000000000000000000e+00 2.000000000000000000e+00 1.000000000000000000e+00 2.635000000000000000e+04 1.316840000000000000e+05 3.000000000000000000e+00 9.240000000000000000e+02 1.400000000000000000e+01 1.100000000000000000e+01 1.400000000000000000e+01 2.000000000000000000e+01 4.000000000000000000e+00 0.000000000000000000e+00 2.000000000000000000e+00 1.528000000000000000e+03 4.460000000000000000e+02
3.000000000000000000e+00 5.000000000000000000e+00 0.000000000000000000e+00 3.600000000000000000e+01 0.000000000000000000e+00 0.000000000000000000e+00 1.000000000000000000e+00 1.000000000000000000e+00 5.078000000000000000e+03 1.103170000000000000e+05 0.000000000000000000e+00 1.977200000000000000e+04 8.200000000000000000e+01 2.000000000000000000e+00 2.000000000000000000e+00 5.000000000000000000e+00 1.000000000000000000e+00 1.000000000000000000e+00 0.000000000000000000e+00 3.492000000000000000e+03 6.000000000000000000e+00
1.000000000000000000e+00 9.000000000000000000e+00 1.110000000000000000e+02 2.600000000000000000e+01 0.000000000000000000e+00 0.000000000000000000e+00 4.000000000000000000e+00 2.000000000000000000e+00 2.422700000000000000e+04 1.662370000000000000e+05 2.400000000000000000e+01 6.100000000000000000e+01 4.000000000000000000e+00 1.000000000000000000e+00 2.100000000000000000e+01 5.900000000000000000e+01 1.100000000000000000e+01 1.000000000000000000e+00 0.000000000000000000e+00 7.600000000000000000e+01 9.000000000000000000e+01
0.000000000000000000e+00 0.000000000000000000e+00 0.000000000000000000e+00 3.000000000000000000e+00 0.000000000000000000e+00 0.000000000000000000e+00 0.000000000000000000e+00 0.000000000000000000e+00 5.000000000000000000e+00 7.300000000000000000e+01 0.000000000000000000e+00 2.000000000000000000e+00 0.000000000000000000e+00 0.000000000000000000e+00 0.000000000000000000e+00 0.000000000000000000e+00 0.000000000000000000e+00 0.000000000000000000e+00 0.000000000000000000e+00 1.000000000000000000e+00 0.000000000000000000e+00
0.000000000000000000e+00 0.000000000000000000e+00 0.000000000000000000e+00 7.000000000000000000e+00 0.000000000000000000e+00 0.000000000000000000e+00 0.000000000000000000e+00 0.000000000000000000e+00 1.600000000000000000e+01 1.920000000000000000e+02 0.000000000000000000e+00 1.900000000000000000e+01 0.000000000000000000e+00 3.000000000000000000e+00 0.000000000000000000e+00 0.000000000000000000e+00 0.000000000000000000e+00 0.000000000000000000e+00 0.000000000000000000e+00 4.000000000000000000e+00 0.000000000000000000e+00
3.000000000000000000e+00 1.200000000000000000e+01 0.000000000000000000e+00 5.000000000000000000e+00 0.000000000000000000e+00 0.000000000000000000e+00 3.000000000000000000e+00 0.000000000000000000e+00 6.557000000000000000e+03 8.187300000000000000e+04 1.000000000000000000e+00 3.768500000000000000e+04 2.200000000000000000e+01 9.000000000000000000e+00 0.000000000000000000e+00 4.000000000000000000e+00 1.000000000000000000e+00 0.000000000000000000e+00 0.000000000000000000e+00 4.463000000000000000e+03 3.000000000000000000e+00
0.000000000000000000e+00 3.000000000000000000e+00 0.000000000000000000e+00 3.700000000000000000e+01 0.000000000000000000e+00 3.000000000000000000e+00 2.000000000000000000e+00 2.000000000000000000e+00 2.333100000000000000e+04 1.392200000000000000e+05 3.000000000000000000e+00 3.789000000000000000e+03 1.360000000000000000e+02 2.200000000000000000e+01 0.000000000000000000e+00 3.000000000000000000e+00 2.000000000000000000e+00 1.000000000000000000e+00 0.000000000000000000e+00 2.052000000000000000e+03 6.500000000000000000e+01
0.000000000000000000e+00 0.000000000000000000e+00 0.000000000000000000e+00 1.000000000000000000e+00 0.000000000000000000e+00 0.000000000000000000e+00 0.000000000000000000e+00 0.000000000000000000e+00 0.000000000000000000e+00 7.000000000000000000e+00 0.000000000000000000e+00 0.000000000000000000e+00 0.000000000000000000e+00 0.000000000000000000e+00 0.000000000000000000e+00 0.000000000000000000e+00 0.000000000000000000e+00 0.000000000000000000e+00 0.000000000000000000e+00 0.000000000000000000e+00 0.000000000000000000e+00
0.000000000000000000e+00 0.000000000000000000e+00 0.000000000000000000e+00 1.000000000000000000e+00 0.000000000000000000e+00 0.000000000000000000e+00 0.000000000000000000e+00 0.000000000000000000e+00 2.000000000000000000e+00 2.600000000000000000e+01 0.000000000000000000e+00 0.000000000000000000e+00 0.000000000000000000e+00 0.000000000000000000e+00 0.000000000000000000e+00 0.000000000000000000e+00 0.000000000000000000e+00 0.000000000000000000e+00 0.000000000000000000e+00 0.000000000000000000e+00 0.000000000000000000e+00
0.000000000000000000e+00 0.000000000000000000e+00 0.000000000000000000e+00 1.000000000000000000e+00 0.000000000000000000e+00 0.000000000000000000e+00 0.000000000000000000e+00 0.000000000000000000e+00 0.000000000000000000e+00 4.500000000000000000e+01 0.000000000000000000e+00 0.000000000000000000e+00 1.000000000000000000e+00 0.000000000000000000e+00 0.000000000000000000e+00 0.000000000000000000e+00 0.000000000000000000e+00 0.000000000000000000e+00 0.000000000000000000e+00 0.000000000000000000e+00 0.000000000000000000e+00
0.000000000000000000e+00 0.000000000000000000e+00 0.000000000000000000e+00 1.000000000000000000e+00 0.000000000000000000e+00 0.000000000000000000e+00 0.000000000000000000e+00 0.000000000000000000e+00 0.000000000000000000e+00 1.600000000000000000e+01 0.000000000000000000e+00 4.000000000000000000e+00 0.000000000000000000e+00 0.000000000000000000e+00 0.000000000000000000e+00 0.000000000000000000e+00 0.000000000000000000e+00 0.000000000000000000e+00 0.000000000000000000e+00 0.000000000000000000e+00 0.000000000000000000e+00
0.000000000000000000e+00 0.000000000000000000e+00 0.000000000000000000e+00 0.000000000000000000e+00 0.000000000000000000e+00 0.000000000000000000e+00 0.000000000000000000e+00 0.000000000000000000e+00 0.000000000000000000e+00 5.000000000000000000e+00 0.000000000000000000e+00 0.000000000000000000e+00 0.000000000000000000e+00 0.000000000000000000e+00 0.000000000000000000e+00 0.000000000000000000e+00 0.000000000000000000e+00 0.000000000000000000e+00 0.000000000000000000e+00 0.000000000000000000e+00 1.000000000000000000e+00
0.000000000000000000e+00 0.000000000000000000e+00 0.000000000000000000e+00 1.000000000000000000e+00 0.000000000000000000e+00 0.000000000000000000e+00 0.000000000000000000e+00 0.000000000000000000e+00 3.000000000000000000e+00 1.800000000000000000e+01 0.000000000000000000e+00 3.000000000000000000e+00 0.000000000000000000e+00 0.000000000000000000e+00 0.000000000000000000e+00 0.000000000000000000e+00 0.000000000000000000e+00 0.000000000000000000e+00 0.000000000000000000e+00 0.000000000000000000e+00 0.000000000000000000e+00
3.000000000000000000e+00 2.000000000000000000e+00 2.000000000000000000e+00 1.530000000000000000e+02 4.000000000000000000e+00 2.100000000000000000e+01 1.100000000000000000e+01 0.000000000000000000e+00 1.200000000000000000e+01 1.840000000000000000e+02 5.000000000000000000e+00 2.200000000000000000e+01 4.330000000000000000e+02 1.000000000000000000e+00 1.000000000000000000e+00 3.000000000000000000e+00 0.000000000000000000e+00 1.000000000000000000e+01 0.000000000000000000e+00 1.000000000000000000e+00 5.750000000000000000e+02
1.500000000000000000e+01 5.000000000000000000e+00 5.000000000000000000e+00 5.490000000000000000e+02 5.000000000000000000e+00 1.500000000000000000e+01 5.000000000000000000e+00 1.000000000000000000e+00 8.100000000000000000e+01 1.243600000000000000e+04 3.000000000000000000e+00 1.150000000000000000e+02 3.540000000000000000e+02 1.690000000000000000e+02 1.500000000000000000e+01 5.000000000000000000e+00 2.000000000000000000e+00 1.000000000000000000e+00 1.800000000000000000e+01 4.800000000000000000e+01 2.100000000000000000e+01
4.000000000000000000e+00 0.000000000000000000e+00 0.000000000000000000e+00 0.000000000000000000e+00 0.000000000000000000e+00 0.000000000000000000e+00 0.000000000000000000e+00 0.000000000000000000e+00 0.000000000000000000e+00 2.500000000000000000e+01 0.000000000000000000e+00 1.000000000000000000e+00 0.000000000000000000e+00 0.000000000000000000e+00 0.000000000000000000e+00 1.000000000000000000e+00 0.000000000000000000e+00 0.000000000000000000e+00 0.000000000000000000e+00 0.000000000000000000e+00 2.000000000000000000e+00
6.000000000000000000e+00 1.600000000000000000e+01 1.200000000000000000e+01 0.000000000000000000e+00 0.000000000000000000e+00 0.000000000000000000e+00 0.000000000000000000e+00 1.000000000000000000e+00 1.768000000000000000e+03 3.349440000000000000e+05 1.000000000000000000e+00 2.310000000000000000e+02 2.000000000000000000e+00 1.280000000000000000e+02 8.000000000000000000e+00 6.000000000000000000e+00 3.000000000000000000e+00 0.000000000000000000e+00 0.000000000000000000e+00 1.290300000000000000e+04 2.000000000000000000e+00
3.000000000000000000e+00 1.800000000000000000e+01 0.000000000000000000e+00 0.000000000000000000e+00 0.000000000000000000e+00 0.000000000000000000e+00 3.000000000000000000e+00 1.000000000000000000e+00 1.580000000000000000e+02 1.436180000000000000e+05 5.000000000000000000e+00 4.298700000000000000e+04 7.600000000000000000e+01 0.000000000000000000e+00 0.000000000000000000e+00 1.000000000000000000e+00 1.000000000000000000e+00 0.000000000000000000e+00 1.000000000000000000e+00 7.783000000000000000e+03 2.300000000000000000e+01
5.000000000000000000e+00 1.800000000000000000e+01 6.400000000000000000e+01 0.000000000000000000e+00 0.000000000000000000e+00 0.000000000000000000e+00 0.000000000000000000e+00 0.000000000000000000e+00 1.576000000000000000e+03 4.065630000000000000e+05 3.000000000000000000e+00 3.750000000000000000e+02 0.000000000000000000e+00 1.400000000000000000e+01 2.000000000000000000e+00 5.000000000000000000e+00 6.000000000000000000e+00 0.000000000000000000e+00 0.000000000000000000e+00 5.310000000000000000e+03 0.000000000000000000e+00
1.000000000000000000e+00 1.400000000000000000e+01 2.630000000000000000e+02 2.400000000000000000e+01 0.000000000000000000e+00 1.000000000000000000e+00 0.000000000000000000e+00 0.000000000000000000e+00 3.013000000000000000e+03 9.690300000000000000e+04 8.000000000000000000e+00 4.300000000000000000e+01 2.700000000000000000e+01 2.010000000000000000e+02 1.000000000000000000e+00 1.000000000000000000e+01 8.000000000000000000e+00 0.000000000000000000e+00 0.000000000000000000e+00 8.240000000000000000e+02 1.000000000000000000e+00
2.000000000000000000e+00 1.600000000000000000e+01 0.000000000000000000e+00 0.000000000000000000e+00 0.000000000000000000e+00 0.000000000000000000e+00 0.000000000000000000e+00 0.000000000000000000e+00 1.400000000000000000e+01 4.890000000000000000e+02 0.000000000000000000e+00 3.000000000000000000e+00 1.000000000000000000e+00 5.000000000000000000e+00 2.000000000000000000e+00 1.000000000000000000e+00 0.000000000000000000e+00 0.000000000000000000e+00 2.000000000000000000e+00 3.000000000000000000e+00 0.000000000000000000e+00
8.000000000000000000e+00 1.600000000000000000e+01 0.000000000000000000e+00 7.800000000000000000e+01 0.000000000000000000e+00 1.000000000000000000e+00 2.000000000000000000e+00 6.100000000000000000e+01 4.000000000000000000e+00 1.630000000000000000e+02 1.100000000000000000e+01 7.000000000000000000e+00 1.256000000000000000e+03 3.000000000000000000e+00 0.000000000000000000e+00 0.000000000000000000e+00 2.000000000000000000e+00 3.000000000000000000e+00 2.400000000000000000e+02 1.000000000000000000e+00 2.000000000000000000e+00
3.000000000000000000e+00 5.000000000000000000e+00 0.000000000000000000e+00 3.000000000000000000e+00 0.000000000000000000e+00 0.000000000000000000e+00 0.000000000000000000e+00 1.000000000000000000e+00 7.000000000000000000e+00 1.049000000000000000e+03 2.000000000000000000e+00 9.000000000000000000e+00 2.000000000000000000e+00 3.000000000000000000e+00 0.000000000000000000e+00 1.000000000000000000e+00 0.000000000000000000e+00 0.000000000000000000e+00 0.000000000000000000e+00 7.000000000000000000e+00 2.000000000000000000e+00
1.200000000000000000e+01 4.000000000000000000e+00 0.000000000000000000e+00 2.100000000000000000e+01 0.000000000000000000e+00 0.000000000000000000e+00 0.000000000000000000e+00 0.000000000000000000e+00 4.000000000000000000e+00 3.100000000000000000e+01 4.000000000000000000e+00 1.500000000000000000e+01 1.390000000000000000e+02 0.000000000000000000e+00 1.000000000000000000e+00 1.500000000000000000e+01 1.000000000000000000e+00 0.000000000000000000e+00 1.000000000000000000e+00 0.000000000000000000e+00 0.000000000000000000e+00
1.000000000000000000e+00 1.000000000000000000e+00 0.000000000000000000e+00 3.000000000000000000e+00 0.000000000000000000e+00 0.000000000000000000e+00 1.000000000000000000e+00 0.000000000000000000e+00 0.000000000000000000e+00 2.600000000000000000e+01 6.000000000000000000e+00 3.000000000000000000e+00 1.400000000000000000e+01 0.000000000000000000e+00 1.000000000000000000e+00 1.000000000000000000e+00 1.000000000000000000e+00 0.000000000000000000e+00 1.000000000000000000e+00 0.000000000000000000e+00 0.000000000000000000e+00
1.100000000000000000e+01 8.100000000000000000e+01 5.000000000000000000e+00 5.316000000000000000e+03 5.000000000000000000e+00 8.000000000000000000e+00 1.300000000000000000e+01 6.000000000000000000e+01 2.100000000000000000e+01 6.250000000000000000e+02 8.000000000000000000e+00 1.600000000000000000e+01 1.114000000000000000e+03 1.000000000000000000e+00 1.000000000000000000e+00 7.300000000000000000e+01 1.800000000000000000e+01 1.400000000000000000e+01 9.000000000000000000e+00 0.000000000000000000e+00 7.000000000000000000e+00
1.100000000000000000e+01 8.100000000000000000e+01 5.000000000000000000e+00 5.316000000000000000e+03 5.000000000000000000e+00 8.000000000000000000e+00 1.300000000000000000e+01 6.000000000000000000e+01 2.100000000000000000e+01 6.250000000000000000e+02 8.000000000000000000e+00 1.600000000000000000e+01 1.114000000000000000e+03 1.000000000000000000e+00 1.000000000000000000e+00 7.300000000000000000e+01 1.800000000000000000e+01 1.400000000000000000e+01 9.000000000000000000e+00 0.000000000000000000e+00 7.000000000000000000e+00
3.000000000000000000e+00 1.000000000000000000e+00 0.000000000000000000e+00 5.000000000000000000e+00 0.000000000000000000e+00 2.000000000000000000e+00 2.000000000000000000e+00 0.000000000000000000e+00 2.000000000000000000e+00 1.540000000000000000e+02 0.000000000000000000e+00 4.000000000000000000e+00 1.700000000000000000e+01 0.000000000000000000e+00 0.000000000000000000e+00 0.000000000000000000e+00 0.000000000000000000e+00 0.000000000000000000e+00 0.000000000000000000e+00 2.000000000000000000e+00 2.680000000000000000e+03
1.000000000000000000e+00 2.000000000000000000e+00 1.000000000000000000e+00 1.640000000000000000e+02 2.000000000000000000e+00 1.200000000000000000e+01 1.000000000000000000e+00 2.900000000000000000e+01 2.000000000000000000e+00 2.280000000000000000e+02 1.000000000000000000e+00 1.890000000000000000e+02 1.140000000000000000e+02 2.000000000000000000e+00 1.000000000000000000e+00 2.000000000000000000e+00 0.000000000000000000e+00 1.000000000000000000e+00 1.000000000000000000e+00 1.000000000000000000e+00 8.440000000000000000e+02
1.000000000000000000e+00 5.000000000000000000e+00 0.000000000000000000e+00 1.000000000000000000e+00 0.000000000000000000e+00 0.000000000000000000e+00 0.000000000000000000e+00 0.000000000000000000e+00 1.000000000000000000e+00 1.720000000000000000e+02 1.000000000000000000e+00 2.120000000000000000e+02 2.400000000000000000e+01 0.000000000000000000e+00 0.000000000000000000e+00 0.000000000000000000e+00 0.000000000000000000e+00 0.000000000000000000e+00 0.000000000000000000e+00 0.000000000000000000e+00 3.400000000000000000e+01
1.500000000000000000e+01 7.000000000000000000e+00 0.000000000000000000e+00 6.400000000000000000e+01 0.000000000000000000e+00 0.000000000000000000e+00 1.000000000000000000e+00 3.000000000000000000e+00 1.900000000000000000e+01 2.710000000000000000e+03 2.000000000000000000e+00 2.000000000000000000e+02 3.810000000000000000e+02 0.000000000000000000e+00 0.000000000000000000e+00 0.000000000000000000e+00 0.000000000000000000e+00 0.000000000000000000e+00 1.000000000000000000e+00 3.600000000000000000e+01 8.620000000000000000e+02
