0.000000000000000000e+00 3.529700000000000000e+04 1.000000000000000000e+00 0.000000000000000000e+00 1.132240000000000000e+05 0.000000000000000000e+00
0.000000000000000000e+00 1.951600000000000000e+05 4.000000000000000000e+00 1.000000000000000000e+00 5.318440000000000000e+05 1.200000000000000000e+01
0.000000000000000000e+00 3.588080000000000000e+05 1.400000000000000000e+01 5.000000000000000000e+00 2.397470000000000000e+05 1.700000000000000000e+01
0.000000000000000000e+00 2.623760000000000000e+05 1.100000000000000000e+01 0.000000000000000000e+00 8.860600000000000000e+04 0.000000000000000000e+00
0.000000000000000000e+00 4.417000000000000000e+04 0.000000000000000000e+00 0.000000000000000000e+00 9.563600000000000000e+04 1.000000000000000000e+00
0.000000000000000000e+00 1.416540000000000000e+05 3.000000000000000000e+00 0.000000000000000000e+00 2.314740000000000000e+05 5.300000000000000000e+01
0.000000000000000000e+00 1.468290000000000000e+05 0.000000000000000000e+00 1.000000000000000000e+00 9.308000000000000000e+04 6.000000000000000000e+00
0.000000000000000000e+00 1.838410000000000000e+05 6.000000000000000000e+00 0.000000000000000000e+00 1.153920000000000000e+05 2.000000000000000000e+00
0.000000000000000000e+00 1.995770000000000000e+05 3.000000000000000000e+00 0.000000000000000000e+00 8.188300000000000000e+04 0.000000000000000000e+00
0.000000000000000000e+00 1.159070000000000000e+05 4.000000000000000000e+00 0.000000000000000000e+00 2.160000000000000000e+02 0.000000000000000000e+00
0.000000000000000000e+00 2.767990000000000000e+05 1.200000000000000000e+01 0.000000000000000000e+00 1.720000000000000000e+02 0.000000000000000000e+00
0.000000000000000000e+00 2.042250000000000000e+05 1.000000000000000000e+00 0.000000000000000000e+00 6.411300000000000000e+04 0.000000000000000000e+00
0.000000000000000000e+00 1.576680000000000000e+05 4.000000000000000000e+00 0.000000000000000000e+00 2.230000000000000000e+02 0.000000000000000000e+00
0.000000000000000000e+00 1.401530000000000000e+05 1.000000000000000000e+00 0.000000000000000000e+00 1.710000000000000000e+02 0.000000000000000000e+00
0.000000000000000000e+00 8.538400000000000000e+04 3.000000000000000000e+00 2.200000000000000000e+01 1.984200000000000000e+05 2.400000000000000000e+01
0.000000000000000000e+00 6.344300000000000000e+05 1.400000000000000000e+01 2.000000000000000000e+00 1.514580000000000000e+05 4.000000000000000000e+00
0.000000000000000000e+00 1.523670000000000000e+05 4.000000000000000000e+00 0.000000000000000000e+00 1.397360000000000000e+05 8.000000000000000000e+00
0.000000000000000000e+00 1.889230000000000000e+05 1.200000000000000000e+01 0.000000000000000000e+00 7.710000000000000000e+02 0.000000000000000000e+00
0.000000000000000000e+00 2.224440000000000000e+05 3.000000000000000000e+00 0.000000000000000000e+00 2.600000000000000000e+02 0.000000000000000000e+00
0.000000000000000000e+00 1.936480000000000000e+05 7.000000000000000000e+00 0.000000000000000000e+00 1.566690000000000000e+05 2.000000000000000000e+00
0.000000000000000000e+00 2.544080000000000000e+05 3.000000000000000000e+00 0.000000000000000000e+00 1.069260000000000000e+05 2.000000000000000000e+00
0.000000000000000000e+00 2.690510000000000000e+05 4.000000000000000000e+00 0.000000000000000000e+00 3.849600000000000000e+04 2.000000000000000000e+00
0.000000000000000000e+00 1.968960000000000000e+05 2.000000000000000000e+00 0.000000000000000000e+00 2.491640000000000000e+05 0.000000000000000000e+00
0.000000000000000000e+00 2.053710000000000000e+05 3.000000000000000000e+00 0.000000000000000000e+00 2.580480000000000000e+05 1.000000000000000000e+00
0.000000000000000000e+00 2.101140000000000000e+05 7.000000000000000000e+00 3.100000000000000000e+01 1.262210000000000000e+05 2.000000000000000000e+00
0.000000000000000000e+00 3.244030000000000000e+05 1.000000000000000000e+01 0.000000000000000000e+00 3.347820000000000000e+05 2.000000000000000000e+00
0.000000000000000000e+00 1.779960000000000000e+05 4.000000000000000000e+00 0.000000000000000000e+00 3.570420000000000000e+05 3.000000000000000000e+00
0.000000000000000000e+00 1.337920000000000000e+05 4.000000000000000000e+00 0.000000000000000000e+00 1.680000000000000000e+02 0.000000000000000000e+00
0.000000000000000000e+00 2.399610000000000000e+05 4.000000000000000000e+00 0.000000000000000000e+00 2.775700000000000000e+04 0.000000000000000000e+00
0.000000000000000000e+00 1.996720000000000000e+05 5.000000000000000000e+00 0.000000000000000000e+00 1.039330000000000000e+05 0.000000000000000000e+00
0.000000000000000000e+00 1.350740000000000000e+05 2.000000000000000000e+00 0.000000000000000000e+00 1.548260000000000000e+05 0.000000000000000000e+00
0.000000000000000000e+00 1.407340000000000000e+05 3.000000000000000000e+00 0.000000000000000000e+00 2.396050000000000000e+05 3.000000000000000000e+00
0.000000000000000000e+00 7.404100000000000000e+04 1.000000000000000000e+00 0.000000000000000000e+00 7.900000000000000000e+01 0.000000000000000000e+00
1.000000000000000000e+00 3.259350000000000000e+05 6.000000000000000000e+00 0.000000000000000000e+00 1.424200000000000000e+05 6.000000000000000000e+00
0.000000000000000000e+00 2.031950000000000000e+05 4.000000000000000000e+00 0.000000000000000000e+00 2.740850000000000000e+05 3.000000000000000000e+00
0.000000000000000000e+00 2.102490000000000000e+05 9.000000000000000000e+00 0.000000000000000000e+00 1.706385000000000000e+06 1.500000000000000000e+01
0.000000000000000000e+00 2.483660000000000000e+05 1.000000000000000000e+01 2.000000000000000000e+00 1.521450000000000000e+05 1.000000000000000000e+00
1.000000000000000000e+00 1.583080000000000000e+05 2.000000000000000000e+00 0.000000000000000000e+00 3.677190000000000000e+05 2.000000000000000000e+00
0.000000000000000000e+00 1.323710000000000000e+05 6.000000000000000000e+00 0.000000000000000000e+00 4.630000000000000000e+02 0.000000000000000000e+00
0.000000000000000000e+00 1.654040000000000000e+05 4.000000000000000000e+00 0.000000000000000000e+00 1.282320000000000000e+05 1.500000000000000000e+01
0.000000000000000000e+00 1.126180000000000000e+05 1.000000000000000000e+00 0.000000000000000000e+00 3.700000000000000000e+01 0.000000000000000000e+00
0.000000000000000000e+00 2.823680000000000000e+05 7.000000000000000000e+00 0.000000000000000000e+00 1.443600000000000000e+05 1.000000000000000000e+00
1.000000000000000000e+00 2.526280000000000000e+05 8.000000000000000000e+00 0.000000000000000000e+00 2.562020000000000000e+05 1.000000000000000000e+00
0.000000000000000000e+00 2.283050000000000000e+05 5.000000000000000000e+00 0.000000000000000000e+00 5.050000000000000000e+02 0.000000000000000000e+00
0.000000000000000000e+00 1.727320000000000000e+05 4.000000000000000000e+00 0.000000000000000000e+00 9.201400000000000000e+04 1.000000000000000000e+00
1.000000000000000000e+00 2.822960000000000000e+05 2.000000000000000000e+00 0.000000000000000000e+00 1.350510000000000000e+05 8.000000000000000000e+00
0.000000000000000000e+00 2.285550000000000000e+05 9.000000000000000000e+00 0.000000000000000000e+00 6.725840000000000000e+05 9.000000000000000000e+00
0.000000000000000000e+00 1.963730000000000000e+05 1.200000000000000000e+01 0.000000000000000000e+00 9.301900000000000000e+04 2.000000000000000000e+00
0.000000000000000000e+00 2.535260000000000000e+05 2.000000000000000000e+00 0.000000000000000000e+00 2.041230000000000000e+05 3.000000000000000000e+00
0.000000000000000000e+00 1.467800000000000000e+05 1.000000000000000000e+00 0.000000000000000000e+00 3.132030000000000000e+05 3.000000000000000000e+00
0.000000000000000000e+00 1.706690000000000000e+05 6.000000000000000000e+00 0.000000000000000000e+00 3.590000000000000000e+02 0.000000000000000000e+00
0.000000000000000000e+00 3.492590000000000000e+05 1.000000000000000000e+01 0.000000000000000000e+00 1.023720000000000000e+05 3.000000000000000000e+00
0.000000000000000000e+00 1.792580000000000000e+05 3.000000000000000000e+00 0.000000000000000000e+00 1.447630000000000000e+05 2.000000000000000000e+00
0.000000000000000000e+00 4.219400000000000000e+05 1.000000000000000000e+00 0.000000000000000000e+00 2.101130000000000000e+05 3.000000000000000000e+00
2.000000000000000000e+00 4.384230000000000000e+05 5.000000000000000000e+00 0.000000000000000000e+00 4.570620000000000000e+05 1.000000000000000000e+00
0.000000000000000000e+00 4.491840000000000000e+05 3.000000000000000000e+00 0.000000000000000000e+00 2.702080000000000000e+05 0.000000000000000000e+00
0.000000000000000000e+00 1.997410000000000000e+05 0.000000000000000000e+00 0.000000000000000000e+00 4.988930000000000000e+05 5.000000000000000000e+00
2.000000000000000000e+00 3.919300000000000000e+05 1.000000000000000000e+00 0.000000000000000000e+00 1.705250000000000000e+05 2.000000000000000000e+00
1.100000000000000000e+01 3.699340000000000000e+05 4.000000000000000000e+00 0.000000000000000000e+00 3.977820000000000000e+05 2.000000000000000000e+00
0.000000000000000000e+00 1.652760000000000000e+05 1.000000000000000000e+00 0.000000000000000000e+00 3.771410000000000000e+05 1.200000000000000000e+01
0.000000000000000000e+00 9.595600000000000000e+04 1.000000000000000000e+00 0.000000000000000000e+00 1.005670000000000000e+05 0.000000000000000000e+00
0.000000000000000000e+00 4.590330000000000000e+05 0.000000000000000000e+00 5.500000000000000000e+01 3.508890000000000000e+05 6.000000000000000000e+00
0.000000000000000000e+00 4.590330000000000000e+05 0.000000000000000000e+00 5.500000000000000000e+01 3.508890000000000000e+05 6.000000000000000000e+00
0.000000000000000000e+00 1.395270000000000000e+05 0.000000000000000000e+00 0.000000000000000000e+00 2.143570000000000000e+05 3.000000000000000000e+00
0.000000000000000000e+00 2.533270000000000000e+05 1.000000000000000000e+00 0.000000000000000000e+00 9.092200000000000000e+04 2.000000000000000000e+00
0.000000000000000000e+00 6.280000000000000000e+02 0.000000000000000000e+00 0.000000000000000000e+00 1.181060000000000000e+05 2.000000000000000000e+00
0.000000000000000000e+00 3.037490000000000000e+05 3.000000000000000000e+00 0.000000000000000000e+00 2.536740000000000000e+05 1.300000000000000000e+01
