0.000000000000000000e+00 1.792580000000000000e+05 3.000000000000000000e+00
0.000000000000000000e+00 1.936480000000000000e+05 7.000000000000000000e+00
1.000000000000000000e+00 2.822960000000000000e+05 2.000000000000000000e+00
0.000000000000000000e+00 1.963730000000000000e+05 1.200000000000000000e+01
0.000000000000000000e+00 2.031950000000000000e+05 4.000000000000000000e+00
0.000000000000000000e+00 2.224440000000000000e+05 3.000000000000000000e+00
0.000000000000000000e+00 2.535260000000000000e+05 2.000000000000000000e+00
1.000000000000000000e+00 3.259350000000000000e+05 6.000000000000000000e+00
0.000000000000000000e+00 2.283050000000000000e+05 5.000000000000000000e+00
0.000000000000000000e+00 1.996720000000000000e+05 5.000000000000000000e+00
0.000000000000000000e+00 2.623760000000000000e+05 1.100000000000000000e+01
0.000000000000000000e+00 2.399610000000000000e+05 4.000000000000000000e+00
0.000000000000000000e+00 2.767990000000000000e+05 1.200000000000000000e+01
0.000000000000000000e+00 3.529700000000000000e+04 1.000000000000000000e+00
0.000000000000000000e+00 2.823680000000000000e+05 7.000000000000000000e+00
0.000000000000000000e+00 2.053710000000000000e+05 3.000000000000000000e+00
0.000000000000000000e+00 2.042250000000000000e+05 1.000000000000000000e+00
0.000000000000000000e+00 1.838410000000000000e+05 6.000000000000000000e+00
0.000000000000000000e+00 4.417000000000000000e+04 0.000000000000000000e+00
0.000000000000000000e+00 1.727320000000000000e+05 4.000000000000000000e+00
0.000000000000000000e+00 2.690510000000000000e+05 4.000000000000000000e+00
0.000000000000000000e+00 2.544080000000000000e+05 3.000000000000000000e+00
0.000000000000000000e+00 3.492590000000000000e+05 1.000000000000000000e+01
0.000000000000000000e+00 1.468290000000000000e+05 0.000000000000000000e+00
0.000000000000000000e+00 1.995770000000000000e+05 3.000000000000000000e+00
0.000000000000000000e+00 1.467800000000000000e+05 1.000000000000000000e+00
0.000000000000000000e+00 1.654040000000000000e+05 4.000000000000000000e+00
0.000000000000000000e+00 2.102490000000000000e+05 9.000000000000000000e+00
0.000000000000000000e+00 1.407340000000000000e+05 3.000000000000000000e+00
0.000000000000000000e+00 1.350740000000000000e+05 2.000000000000000000e+00
0.000000000000000000e+00 1.523670000000000000e+05 4.000000000000000000e+00
0.000000000000000000e+00 2.285550000000000000e+05 9.000000000000000000e+00
0.000000000000000000e+00 1.951600000000000000e+05 4.000000000000000000e+00
0.000000000000000000e+00 1.323710000000000000e+05 6.000000000000000000e+00
0.000000000000000000e+00 3.588080000000000000e+05 1.400000000000000000e+01
1.000000000000000000e+00 2.526280000000000000e+05 8.000000000000000000e+00
0.000000000000000000e+00 6.344300000000000000e+05 1.400000000000000000e+01
0.000000000000000000e+00 2.483660000000000000e+05 1.000000000000000000e+01
0.000000000000000000e+00 3.244030000000000000e+05 1.000000000000000000e+01
0.000000000000000000e+00 1.416540000000000000e+05 3.000000000000000000e+00
1.000000000000000000e+00 1.583080000000000000e+05 2.000000000000000000e+00
0.000000000000000000e+00 1.706690000000000000e+05 6.000000000000000000e+00
0.000000000000000000e+00 1.889230000000000000e+05 1.200000000000000000e+01
0.000000000000000000e+00 1.968960000000000000e+05 2.000000000000000000e+00
0.000000000000000000e+00 1.779960000000000000e+05 4.000000000000000000e+00
0.000000000000000000e+00 7.404100000000000000e+04 1.000000000000000000e+00
0.000000000000000000e+00 1.159070000000000000e+05 4.000000000000000000e+00
0.000000000000000000e+00 1.576680000000000000e+05 4.000000000000000000e+00
0.000000000000000000e+00 1.401530000000000000e+05 1.000000000000000000e+00
0.000000000000000000e+00 1.126180000000000000e+05 1.000000000000000000e+00
0.000000000000000000e+00 1.337920000000000000e+05 4.000000000000000000e+00
0.000000000000000000e+00 8.538400000000000000e+04 3.000000000000000000e+00
0.000000000000000000e+00 2.101140000000000000e+05 7.000000000000000000e+00
0.000000000000000000e+00 1.244310000000000000e+05 8.000000000000000000e+00
0.000000000000000000e+00 2.171920000000000000e+05 9.000000000000000000e+00
0.000000000000000000e+00 4.219400000000000000e+05 1.000000000000000000e+00
2.000000000000000000e+00 4.384230000000000000e+05 5.000000000000000000e+00
0.000000000000000000e+00 4.491840000000000000e+05 3.000000000000000000e+00
0.000000000000000000e+00 1.997410000000000000e+05 0.000000000000000000e+00
2.000000000000000000e+00 3.919300000000000000e+05 1.000000000000000000e+00
1.100000000000000000e+01 3.699340000000000000e+05 4.000000000000000000e+00
0.000000000000000000e+00 1.652760000000000000e+05 1.000000000000000000e+00
0.000000000000000000e+00 9.595600000000000000e+04 1.000000000000000000e+00
0.000000000000000000e+00 4.590330000000000000e+05 0.000000000000000000e+00
0.000000000000000000e+00 4.590330000000000000e+05 0.000000000000000000e+00
0.000000000000000000e+00 5.230040000000000000e+05 7.000000000000000000e+00
0.000000000000000000e+00 1.395270000000000000e+05 0.000000000000000000e+00
0.000000000000000000e+00 2.533270000000000000e+05 1.000000000000000000e+00
0.000000000000000000e+00 6.280000000000000000e+02 0.000000000000000000e+00
0.000000000000000000e+00 3.037490000000000000e+05 3.000000000000000000e+00
