6.000000000000000000e+00 4.650000000000000000e+02 2.500000000000000000e+01 2.400000000000000000e+01 1.000000000000000000e+01
4.000000000000000000e+00 5.630000000000000000e+02 1.700000000000000000e+01 1.900000000000000000e+01 5.000000000000000000e+00
6.000000000000000000e+00 7.420000000000000000e+02 2.200000000000000000e+01 2.500000000000000000e+01 1.400000000000000000e+01
9.000000000000000000e+00 5.190000000000000000e+02 1.600000000000000000e+01 2.600000000000000000e+01 1.400000000000000000e+01
2.000000000000000000e+00 5.440000000000000000e+02 2.000000000000000000e+01 2.800000000000000000e+01 8.000000000000000000e+00
2.000000000000000000e+00 5.690000000000000000e+02 2.100000000000000000e+01 1.900000000000000000e+01 1.200000000000000000e+01
6.000000000000000000e+00 4.600000000000000000e+02 9.000000000000000000e+00 3.000000000000000000e+01 1.500000000000000000e+01
8.000000000000000000e+00 8.370000000000000000e+02 1.900000000000000000e+01 3.800000000000000000e+01 1.500000000000000000e+01
2.000000000000000000e+00 5.720000000000000000e+02 3.200000000000000000e+01 2.400000000000000000e+01 2.200000000000000000e+01
6.000000000000000000e+00 7.760000000000000000e+02 9.000000000000000000e+00 2.700000000000000000e+01 1.100000000000000000e+01
3.000000000000000000e+00 7.220000000000000000e+02 1.500000000000000000e+01 3.300000000000000000e+01 1.700000000000000000e+01
6.000000000000000000e+00 5.240000000000000000e+02 2.400000000000000000e+01 2.900000000000000000e+01 1.000000000000000000e+01
5.000000000000000000e+00 7.490000000000000000e+02 2.400000000000000000e+01 3.100000000000000000e+01 2.000000000000000000e+01
1.000000000000000000e+00 8.700000000000000000e+01 3.000000000000000000e+00 7.000000000000000000e+00 0.000000000000000000e+00
9.000000000000000000e+00 8.830000000000000000e+02 4.300000000000000000e+01 3.700000000000000000e+01 1.900000000000000000e+01
5.000000000000000000e+00 3.500000000000000000e+02 1.000000000000000000e+00 2.700000000000000000e+01 1.300000000000000000e+01
2.000000000000000000e+00 6.380000000000000000e+02 3.500000000000000000e+01 2.200000000000000000e+01 1.400000000000000000e+01
1.000000000000000000e+00 5.320000000000000000e+02 1.900000000000000000e+01 2.900000000000000000e+01 4.000000000000000000e+00
1.000000000000000000e+00 9.700000000000000000e+01 5.000000000000000000e+00 8.000000000000000000e+00 0.000000000000000000e+00
5.000000000000000000e+00 4.310000000000000000e+02 1.900000000000000000e+01 1.700000000000000000e+01 1.000000000000000000e+01
3.000000000000000000e+00 1.136000000000000000e+03 4.500000000000000000e+01 2.600000000000000000e+01 1.000000000000000000e+01
3.000000000000000000e+00 7.530000000000000000e+02 4.000000000000000000e+01 2.100000000000000000e+01 1.000000000000000000e+01
9.000000000000000000e+00 9.670000000000000000e+02 9.000000000000000000e+01 3.700000000000000000e+01 1.800000000000000000e+01
3.000000000000000000e+00 3.550000000000000000e+02 1.500000000000000000e+01 2.400000000000000000e+01 1.600000000000000000e+01
6.000000000000000000e+00 4.570000000000000000e+02 2.800000000000000000e+01 2.300000000000000000e+01 1.600000000000000000e+01
2.000000000000000000e+00 3.790000000000000000e+02 1.100000000000000000e+01 2.900000000000000000e+01 1.000000000000000000e+01
0.000000000000000000e+00 3.440000000000000000e+02 1.200000000000000000e+01 1.800000000000000000e+01 1.100000000000000000e+01
4.000000000000000000e+00 5.330000000000000000e+02 1.800000000000000000e+01 2.500000000000000000e+01 1.500000000000000000e+01
5.000000000000000000e+00 4.060000000000000000e+02 1.300000000000000000e+01 1.500000000000000000e+01 7.000000000000000000e+00
3.000000000000000000e+00 4.910000000000000000e+02 9.000000000000000000e+00 1.200000000000000000e+01 3.000000000000000000e+00
5.000000000000000000e+00 4.930000000000000000e+02 2.200000000000000000e+01 1.300000000000000000e+01 1.900000000000000000e+01
4.000000000000000000e+00 6.730000000000000000e+02 3.500000000000000000e+01 2.300000000000000000e+01 1.600000000000000000e+01
5.000000000000000000e+00 5.180000000000000000e+02 1.800000000000000000e+01 2.100000000000000000e+01 1.300000000000000000e+01
1.000000000000000000e+00 3.840000000000000000e+02 8.000000000000000000e+00 1.500000000000000000e+01 8.000000000000000000e+00
6.000000000000000000e+00 1.131000000000000000e+03 4.600000000000000000e+01 5.000000000000000000e+01 1.400000000000000000e+01
5.000000000000000000e+00 5.550000000000000000e+02 2.500000000000000000e+01 3.700000000000000000e+01 1.200000000000000000e+01
1.700000000000000000e+01 1.625000000000000000e+03 5.500000000000000000e+01 8.200000000000000000e+01 3.500000000000000000e+01
4.000000000000000000e+00 7.730000000000000000e+02 2.900000000000000000e+01 3.600000000000000000e+01 1.600000000000000000e+01
8.000000000000000000e+00 8.220000000000000000e+02 3.500000000000000000e+01 4.600000000000000000e+01 2.000000000000000000e+01
3.000000000000000000e+00 3.560000000000000000e+02 1.300000000000000000e+01 2.300000000000000000e+01 9.000000000000000000e+00
7.000000000000000000e+00 3.920000000000000000e+02 1.500000000000000000e+01 2.400000000000000000e+01 5.000000000000000000e+00
0.000000000000000000e+00 3.310000000000000000e+02 9.000000000000000000e+00 1.600000000000000000e+01 6.000000000000000000e+00
2.000000000000000000e+00 9.690000000000000000e+02 3.200000000000000000e+01 2.600000000000000000e+01 4.000000000000000000e+00
6.000000000000000000e+00 7.640000000000000000e+02 1.900000000000000000e+01 2.600000000000000000e+01 1.100000000000000000e+01
3.000000000000000000e+00 7.780000000000000000e+02 2.600000000000000000e+01 2.100000000000000000e+01 1.400000000000000000e+01
1.000000000000000000e+00 2.390000000000000000e+02 5.000000000000000000e+00 1.200000000000000000e+01 3.000000000000000000e+00
2.000000000000000000e+00 2.150000000000000000e+02 1.100000000000000000e+01 1.700000000000000000e+01 8.000000000000000000e+00
6.000000000000000000e+00 4.190000000000000000e+02 1.200000000000000000e+01 1.600000000000000000e+01 1.200000000000000000e+01
4.000000000000000000e+00 3.530000000000000000e+02 1.000000000000000000e+01 1.700000000000000000e+01 7.000000000000000000e+00
1.000000000000000000e+00 2.130000000000000000e+02 9.000000000000000000e+00 1.700000000000000000e+01 5.000000000000000000e+00
1.000000000000000000e+00 3.380000000000000000e+02 1.300000000000000000e+01 1.500000000000000000e+01 4.000000000000000000e+00
2.000000000000000000e+00 1.800000000000000000e+02 1.100000000000000000e+01 1.100000000000000000e+01 1.000000000000000000e+00
5.000000000000000000e+00 5.290000000000000000e+02 1.700000000000000000e+01 2.200000000000000000e+01 1.900000000000000000e+01
3.000000000000000000e+00 2.890000000000000000e+02 1.000000000000000000e+01 1.500000000000000000e+01 9.000000000000000000e+00
5.000000000000000000e+00 6.110000000000000000e+02 1.300000000000000000e+01 2.500000000000000000e+01 1.100000000000000000e+01
8.500000000000000000e+01 4.820000000000000000e+02 1.150000000000000000e+02 1.100000000000000000e+01 0.000000000000000000e+00
4.200000000000000000e+01 5.577000000000000000e+03 7.300000000000000000e+01 1.720000000000000000e+02 0.000000000000000000e+00
3.000000000000000000e+00 3.079100000000000000e+04 2.000000000000000000e+00 4.000000000000000000e+00 0.000000000000000000e+00
0.000000000000000000e+00 8.670000000000000000e+02 2.000000000000000000e+00 1.310000000000000000e+02 0.000000000000000000e+00
5.000000000000000000e+00 2.600000000000000000e+02 2.000000000000000000e+00 1.500000000000000000e+01 2.000000000000000000e+00
1.350000000000000000e+02 2.960000000000000000e+02 3.960000000000000000e+02 2.000000000000000000e+00 0.000000000000000000e+00
0.000000000000000000e+00 6.400000000000000000e+01 0.000000000000000000e+00 0.000000000000000000e+00 0.000000000000000000e+00
1.000000000000000000e+00 1.800000000000000000e+01 0.000000000000000000e+00 0.000000000000000000e+00 0.000000000000000000e+00
4.600000000000000000e+01 4.570000000000000000e+02 8.300000000000000000e+01 1.000000000000000000e+00 2.000000000000000000e+00
4.600000000000000000e+01 4.570000000000000000e+02 8.300000000000000000e+01 1.000000000000000000e+00 2.000000000000000000e+00
5.000000000000000000e+00 2.292000000000000000e+03 2.000000000000000000e+00 2.800000000000000000e+02 0.000000000000000000e+00
0.000000000000000000e+00 2.107200000000000000e+04 0.000000000000000000e+00 0.000000000000000000e+00 0.000000000000000000e+00
1.000000000000000000e+00 2.400000000000000000e+01 0.000000000000000000e+00 0.000000000000000000e+00 0.000000000000000000e+00
0.000000000000000000e+00 4.000000000000000000e+00 0.000000000000000000e+00 0.000000000000000000e+00 0.000000000000000000e+00
8.000000000000000000e+00 1.872810000000000000e+05 0.000000000000000000e+00 4.000000000000000000e+00 0.000000000000000000e+00
