0.000000000000000000e+00 1.000000000000000000e+00 8.700000000000000000e+01 3.000000000000000000e+00 7.000000000000000000e+00 0.000000000000000000e+00 3.060000000000000000e+02 5.527000000000000000e+03 2.072000000000000000e+04 1.431000000000000000e+03 0.000000000000000000e+00 1.030000000000000000e+02 1.000000000000000000e+00 7.820000000000000000e+02 8.000000000000000000e+00 2.000000000000000000e+00 1.000000000000000000e+02 1.060000000000000000e+02 1.000000000000000000e+01 2.600000000000000000e+01 9.460000000000000000e+03 5.552300000000000000e+04
1.200000000000000000e+01 5.000000000000000000e+00 5.180000000000000000e+02 1.800000000000000000e+01 2.100000000000000000e+01 1.300000000000000000e+01 7.243700000000000000e+04 4.106000000000000000e+03 2.793000000000000000e+03 8.460000000000000000e+02 0.000000000000000000e+00 1.393300000000000000e+04 1.000000000000000000e+00 1.920000000000000000e+02 3.000000000000000000e+00 4.000000000000000000e+00 2.504000000000000000e+03 6.550000000000000000e+02 1.700000000000000000e+02 2.500000000000000000e+02 3.770000000000000000e+03 2.246050000000000000e+05
1.700000000000000000e+01 6.000000000000000000e+00 1.131000000000000000e+03 4.600000000000000000e+01 5.000000000000000000e+01 1.400000000000000000e+01 7.970000000000000000e+03 1.155000000000000000e+03 7.210000000000000000e+02 3.800000000000000000e+01 0.000000000000000000e+00 7.300000000000000000e+01 0.000000000000000000e+00 1.500000000000000000e+01 0.000000000000000000e+00 3.000000000000000000e+00 2.096000000000000000e+03 9.580000000000000000e+02 1.690000000000000000e+02 3.670000000000000000e+02 1.890000000000000000e+02 8.810000000000000000e+02
0.000000000000000000e+00 3.000000000000000000e+00 7.220000000000000000e+02 1.500000000000000000e+01 3.300000000000000000e+01 1.700000000000000000e+01 3.892000000000000000e+03 5.420000000000000000e+02 3.880000000000000000e+02 5.000000000000000000e+01 0.000000000000000000e+00 8.300000000000000000e+01 0.000000000000000000e+00 9.690000000000000000e+02 6.000000000000000000e+00 2.000000000000000000e+00 4.100000000000000000e+01 2.150000000000000000e+02 0.000000000000000000e+00 2.300000000000000000e+01 1.197900000000000000e+04 1.013000000000000000e+03
1.000000000000000000e+00 1.000000000000000000e+00 9.700000000000000000e+01 5.000000000000000000e+00 8.000000000000000000e+00 0.000000000000000000e+00 5.220000000000000000e+02 3.285500000000000000e+04 3.523000000000000000e+03 3.259000000000000000e+03 1.000000000000000000e+00 3.800000000000000000e+01 1.000000000000000000e+00 2.500000000000000000e+01 0.000000000000000000e+00 0.000000000000000000e+00 1.770000000000000000e+02 7.500000000000000000e+01 0.000000000000000000e+00 1.700000000000000000e+01 2.270000000000000000e+02 2.075400000000000000e+04
5.300000000000000000e+01 3.000000000000000000e+00 3.560000000000000000e+02 1.300000000000000000e+01 2.300000000000000000e+01 9.000000000000000000e+00 4.130000000000000000e+02 1.984000000000000000e+03 2.454000000000000000e+03 5.095000000000000000e+03 4.000000000000000000e+00 4.880000000000000000e+02 0.000000000000000000e+00 1.000000000000000000e+01 1.000000000000000000e+00 0.000000000000000000e+00 8.700000000000000000e+02 3.480000000000000000e+02 1.000000000000000000e+00 4.300000000000000000e+01 3.600000000000000000e+01 1.140400000000000000e+05
6.000000000000000000e+00 3.000000000000000000e+00 3.550000000000000000e+02 1.500000000000000000e+01 2.400000000000000000e+01 1.600000000000000000e+01 8.810000000000000000e+02 2.320000000000000000e+03 1.640000000000000000e+02 1.500000000000000000e+01 0.000000000000000000e+00 1.900000000000000000e+01 0.000000000000000000e+00 1.400000000000000000e+01 0.000000000000000000e+00 0.000000000000000000e+00 6.200000000000000000e+01 1.460000000000000000e+02 2.000000000000000000e+00 3.000000000000000000e+01 2.310000000000000000e+02 3.390000000000000000e+02
2.000000000000000000e+00 1.000000000000000000e+00 5.320000000000000000e+02 1.900000000000000000e+01 2.900000000000000000e+01 4.000000000000000000e+00 6.970000000000000000e+02 1.195000000000000000e+04 1.206500000000000000e+04 2.137600000000000000e+04 0.000000000000000000e+00 5.200000000000000000e+01 0.000000000000000000e+00 1.800000000000000000e+01 0.000000000000000000e+00 1.000000000000000000e+00 2.740000000000000000e+02 6.600000000000000000e+01 0.000000000000000000e+00 2.200000000000000000e+01 2.150000000000000000e+02 4.350100000000000000e+04
0.000000000000000000e+00 6.000000000000000000e+00 4.570000000000000000e+02 2.800000000000000000e+01 2.300000000000000000e+01 1.600000000000000000e+01 1.830000000000000000e+02 1.349000000000000000e+03 6.440000000000000000e+02 5.592000000000000000e+03 0.000000000000000000e+00 7.000000000000000000e+01 1.000000000000000000e+00 7.600000000000000000e+02 5.000000000000000000e+00 3.000000000000000000e+00 2.500000000000000000e+01 6.600000000000000000e+01 0.000000000000000000e+00 1.200000000000000000e+01 1.040300000000000000e+04 5.551600000000000000e+04
0.000000000000000000e+00 2.000000000000000000e+00 2.150000000000000000e+02 1.100000000000000000e+01 1.700000000000000000e+01 8.000000000000000000e+00 8.000000000000000000e+00 1.300000000000000000e+01 8.000000000000000000e+00 2.000000000000000000e+00 0.000000000000000000e+00 1.000000000000000000e+00 0.000000000000000000e+00 2.000000000000000000e+00 0.000000000000000000e+00 0.000000000000000000e+00 3.000000000000000000e+00 6.000000000000000000e+00 0.000000000000000000e+00 2.000000000000000000e+00 1.000000000000000000e+00 3.200000000000000000e+01
0.000000000000000000e+00 5.000000000000000000e+00 7.490000000000000000e+02 2.400000000000000000e+01 3.100000000000000000e+01 2.000000000000000000e+01 5.000000000000000000e+00 6.000000000000000000e+00 1.500000000000000000e+01 2.000000000000000000e+00 0.000000000000000000e+00 1.000000000000000000e+00 0.000000000000000000e+00 2.000000000000000000e+00 0.000000000000000000e+00 0.000000000000000000e+00 1.000000000000000000e+00 1.000000000000000000e+00 0.000000000000000000e+00 0.000000000000000000e+00 5.000000000000000000e+00 2.900000000000000000e+01
0.000000000000000000e+00 2.000000000000000000e+00 6.380000000000000000e+02 3.500000000000000000e+01 2.200000000000000000e+01 1.400000000000000000e+01 3.150000000000000000e+02 7.297000000000000000e+03 1.394500000000000000e+04 2.208000000000000000e+03 0.000000000000000000e+00 6.500000000000000000e+01 0.000000000000000000e+00 4.290000000000000000e+02 0.000000000000000000e+00 2.000000000000000000e+00 8.200000000000000000e+01 4.600000000000000000e+01 3.000000000000000000e+00 1.600000000000000000e+01 3.537000000000000000e+03 1.836200000000000000e+04
0.000000000000000000e+00 6.000000000000000000e+00 4.190000000000000000e+02 1.200000000000000000e+01 1.600000000000000000e+01 1.200000000000000000e+01 1.000000000000000000e+01 1.300000000000000000e+01 8.000000000000000000e+00 0.000000000000000000e+00 0.000000000000000000e+00 1.000000000000000000e+00 0.000000000000000000e+00 0.000000000000000000e+00 0.000000000000000000e+00 0.000000000000000000e+00 5.000000000000000000e+00 8.000000000000000000e+00 1.000000000000000000e+00 3.000000000000000000e+00 1.000000000000000000e+00 4.900000000000000000e+01
0.000000000000000000e+00 4.000000000000000000e+00 3.530000000000000000e+02 1.000000000000000000e+01 1.700000000000000000e+01 7.000000000000000000e+00 6.000000000000000000e+00 8.000000000000000000e+00 2.000000000000000000e+00 0.000000000000000000e+00 0.000000000000000000e+00 3.000000000000000000e+00 0.000000000000000000e+00 1.000000000000000000e+00 0.000000000000000000e+00 0.000000000000000000e+00 5.000000000000000000e+00 7.000000000000000000e+00 0.000000000000000000e+00 2.000000000000000000e+00 1.000000000000000000e+00 2.000000000000000000e+01
2.400000000000000000e+01 2.000000000000000000e+00 1.800000000000000000e+02 1.100000000000000000e+01 1.100000000000000000e+01 1.000000000000000000e+00 7.500000000000000000e+03 2.645000000000000000e+03 2.375000000000000000e+03 1.200000000000000000e+01 1.700000000000000000e+01 5.100000000000000000e+01 5.000000000000000000e+00 2.900000000000000000e+01 1.200000000000000000e+01 2.200000000000000000e+01 4.359000000000000000e+03 1.652000000000000000e+03 1.299000000000000000e+03 2.424000000000000000e+03 1.530000000000000000e+02 1.487000000000000000e+03
4.000000000000000000e+00 1.700000000000000000e+01 1.625000000000000000e+03 5.500000000000000000e+01 8.200000000000000000e+01 3.500000000000000000e+01 3.995600000000000000e+04 2.120300000000000000e+04 2.466000000000000000e+03 3.730000000000000000e+02 7.000000000000000000e+00 1.447000000000000000e+03 7.000000000000000000e+00 5.000000000000000000e+01 1.000000000000000000e+00 0.000000000000000000e+00 2.270400000000000000e+04 3.332000000000000000e+03 1.968000000000000000e+03 9.455000000000000000e+03 7.300000000000000000e+02 1.004600000000000000e+04
8.000000000000000000e+00 5.000000000000000000e+00 4.930000000000000000e+02 2.200000000000000000e+01 1.300000000000000000e+01 1.900000000000000000e+01 8.399000000000000000e+03 1.881000000000000000e+03 2.800000000000000000e+02 1.060000000000000000e+02 0.000000000000000000e+00 1.370000000000000000e+02 0.000000000000000000e+00 3.500000000000000000e+01 1.000000000000000000e+00 0.000000000000000000e+00 7.340000000000000000e+02 1.860000000000000000e+02 6.000000000000000000e+01 1.580000000000000000e+02 3.490000000000000000e+02 1.135400000000000000e+04
0.000000000000000000e+00 2.000000000000000000e+00 9.690000000000000000e+02 3.200000000000000000e+01 2.600000000000000000e+01 4.000000000000000000e+00 1.100000000000000000e+01 2.800000000000000000e+01 4.400000000000000000e+01 1.600000000000000000e+01 0.000000000000000000e+00 5.000000000000000000e+00 0.000000000000000000e+00 5.000000000000000000e+00 0.000000000000000000e+00 0.000000000000000000e+00 8.000000000000000000e+00 9.000000000000000000e+00 0.000000000000000000e+00 1.000000000000000000e+00 7.000000000000000000e+00 2.090000000000000000e+02
0.000000000000000000e+00 2.000000000000000000e+00 5.690000000000000000e+02 2.100000000000000000e+01 1.900000000000000000e+01 1.200000000000000000e+01 2.000000000000000000e+00 9.000000000000000000e+00 4.000000000000000000e+01 5.000000000000000000e+00 0.000000000000000000e+00 4.000000000000000000e+00 0.000000000000000000e+00 3.000000000000000000e+00 0.000000000000000000e+00 0.000000000000000000e+00 2.000000000000000000e+00 3.000000000000000000e+00 0.000000000000000000e+00 0.000000000000000000e+00 6.000000000000000000e+00 4.100000000000000000e+01
2.000000000000000000e+00 4.000000000000000000e+00 5.630000000000000000e+02 1.700000000000000000e+01 1.900000000000000000e+01 5.000000000000000000e+00 1.030000000000000000e+03 1.666600000000000000e+04 3.647800000000000000e+04 1.103000000000000000e+03 0.000000000000000000e+00 1.300000000000000000e+02 1.000000000000000000e+00 1.366000000000000000e+03 8.000000000000000000e+00 3.000000000000000000e+00 1.880000000000000000e+02 7.400000000000000000e+01 2.000000000000000000e+00 4.000000000000000000e+01 1.943500000000000000e+04 3.351100000000000000e+04
2.000000000000000000e+00 3.000000000000000000e+00 7.530000000000000000e+02 4.000000000000000000e+01 2.100000000000000000e+01 1.000000000000000000e+01 2.350000000000000000e+02 5.820000000000000000e+02 3.490000000000000000e+03 2.625000000000000000e+03 1.000000000000000000e+00 6.200000000000000000e+01 0.000000000000000000e+00 2.190000000000000000e+02 2.000000000000000000e+00 3.000000000000000000e+00 8.790000000000000000e+02 1.260000000000000000e+02 0.000000000000000000e+00 2.300000000000000000e+01 3.111000000000000000e+03 4.475600000000000000e+04
2.000000000000000000e+00 3.000000000000000000e+00 1.136000000000000000e+03 4.500000000000000000e+01 2.600000000000000000e+01 1.000000000000000000e+01 4.800000000000000000e+01 2.850000000000000000e+02 1.897000000000000000e+03 4.720000000000000000e+02 0.000000000000000000e+00 4.400000000000000000e+01 0.000000000000000000e+00 1.380000000000000000e+02 0.000000000000000000e+00 0.000000000000000000e+00 7.300000000000000000e+01 7.200000000000000000e+01 0.000000000000000000e+00 6.000000000000000000e+00 2.074000000000000000e+03 2.053400000000000000e+04
0.000000000000000000e+00 6.000000000000000000e+00 7.640000000000000000e+02 1.900000000000000000e+01 2.600000000000000000e+01 1.100000000000000000e+01 3.980000000000000000e+02 2.294000000000000000e+03 3.190000000000000000e+02 6.561000000000000000e+03 7.000000000000000000e+00 3.290000000000000000e+02 1.000000000000000000e+00 1.200000000000000000e+01 0.000000000000000000e+00 0.000000000000000000e+00 1.250000000000000000e+02 1.340000000000000000e+02 1.000000000000000000e+00 2.000000000000000000e+01 5.000000000000000000e+00 8.662000000000000000e+04
1.000000000000000000e+00 5.000000000000000000e+00 3.500000000000000000e+02 1.000000000000000000e+00 2.700000000000000000e+01 1.300000000000000000e+01 1.082000000000000000e+03 7.598000000000000000e+03 1.926600000000000000e+04 4.576000000000000000e+03 0.000000000000000000e+00 5.070000000000000000e+02 0.000000000000000000e+00 1.555000000000000000e+03 1.000000000000000000e+01 6.000000000000000000e+00 2.739000000000000000e+03 1.280000000000000000e+02 7.000000000000000000e+00 4.400000000000000000e+01 1.956900000000000000e+04 1.610270000000000000e+05
2.000000000000000000e+00 5.000000000000000000e+00 5.290000000000000000e+02 1.700000000000000000e+01 2.200000000000000000e+01 1.900000000000000000e+01 1.617100000000000000e+04 2.617400000000000000e+04 4.575000000000000000e+03 1.810000000000000000e+02 4.000000000000000000e+00 1.230000000000000000e+02 3.000000000000000000e+00 4.000000000000000000e+01 0.000000000000000000e+00 1.000000000000000000e+00 7.563000000000000000e+03 1.704000000000000000e+03 1.066000000000000000e+03 5.614000000000000000e+03 5.490000000000000000e+02 1.428600000000000000e+04
2.000000000000000000e+00 8.000000000000000000e+00 8.220000000000000000e+02 3.500000000000000000e+01 4.600000000000000000e+01 2.000000000000000000e+01 1.386000000000000000e+03 2.643000000000000000e+03 1.262500000000000000e+04 2.637100000000000000e+04 0.000000000000000000e+00 1.980000000000000000e+02 3.000000000000000000e+00 1.200000000000000000e+01 0.000000000000000000e+00 1.000000000000000000e+00 5.673000000000000000e+03 2.100000000000000000e+02 2.000000000000000000e+00 5.800000000000000000e+01 9.200000000000000000e+01 1.334080000000000000e+05
3.000000000000000000e+00 3.000000000000000000e+00 7.780000000000000000e+02 2.600000000000000000e+01 2.100000000000000000e+01 1.400000000000000000e+01 1.253000000000000000e+03 3.173000000000000000e+03 5.300000000000000000e+02 2.334100000000000000e+04 4.000000000000000000e+00 4.180000000000000000e+02 3.000000000000000000e+00 2.300000000000000000e+01 1.000000000000000000e+00 0.000000000000000000e+00 2.040000000000000000e+02 2.440000000000000000e+02 0.000000000000000000e+00 7.400000000000000000e+01 3.700000000000000000e+01 1.416270000000000000e+05
0.000000000000000000e+00 1.000000000000000000e+00 3.380000000000000000e+02 1.300000000000000000e+01 1.500000000000000000e+01 4.000000000000000000e+00 6.000000000000000000e+00 4.000000000000000000e+00 6.000000000000000000e+00 3.000000000000000000e+00 0.000000000000000000e+00 0.000000000000000000e+00 0.000000000000000000e+00 0.000000000000000000e+00 0.000000000000000000e+00 0.000000000000000000e+00 3.000000000000000000e+00 3.000000000000000000e+00 0.000000000000000000e+00 5.000000000000000000e+00 1.000000000000000000e+00 2.000000000000000000e+01
0.000000000000000000e+00 6.000000000000000000e+00 5.240000000000000000e+02 2.400000000000000000e+01 2.900000000000000000e+01 1.000000000000000000e+01 9.030000000000000000e+02 5.998000000000000000e+03 4.079000000000000000e+03 2.060000000000000000e+02 0.000000000000000000e+00 2.500000000000000000e+01 1.000000000000000000e+00 2.740000000000000000e+02 1.000000000000000000e+00 0.000000000000000000e+00 3.800000000000000000e+01 3.200000000000000000e+01 2.000000000000000000e+00 1.400000000000000000e+01 3.284000000000000000e+03 9.074000000000000000e+03
0.000000000000000000e+00 6.000000000000000000e+00 7.760000000000000000e+02 9.000000000000000000e+00 2.700000000000000000e+01 1.100000000000000000e+01 4.950000000000000000e+02 3.899000000000000000e+03 1.200000000000000000e+02 1.500000000000000000e+01 0.000000000000000000e+00 3.600000000000000000e+01 0.000000000000000000e+00 4.400000000000000000e+01 0.000000000000000000e+00 0.000000000000000000e+00 2.700000000000000000e+01 1.100000000000000000e+02 0.000000000000000000e+00 2.000000000000000000e+01 1.750000000000000000e+02 4.610000000000000000e+02
0.000000000000000000e+00 3.000000000000000000e+00 4.910000000000000000e+02 9.000000000000000000e+00 1.200000000000000000e+01 3.000000000000000000e+00 2.047000000000000000e+03 9.360000000000000000e+02 1.860000000000000000e+02 8.097000000000000000e+03 1.000000000000000000e+00 1.140000000000000000e+02 2.000000000000000000e+00 4.000000000000000000e+00 0.000000000000000000e+00 0.000000000000000000e+00 2.490000000000000000e+02 6.000000000000000000e+01 0.000000000000000000e+00 3.100000000000000000e+01 1.400000000000000000e+01 2.415100000000000000e+04
3.000000000000000000e+00 5.000000000000000000e+00 4.060000000000000000e+02 1.300000000000000000e+01 1.500000000000000000e+01 7.000000000000000000e+00 1.222000000000000000e+03 2.623000000000000000e+03 1.034000000000000000e+03 4.552000000000000000e+03 6.000000000000000000e+00 3.840000000000000000e+02 0.000000000000000000e+00 1.100000000000000000e+01 0.000000000000000000e+00 0.000000000000000000e+00 3.870000000000000000e+02 1.760000000000000000e+02 0.000000000000000000e+00 4.800000000000000000e+01 2.100000000000000000e+01 6.046800000000000000e+04
0.000000000000000000e+00 1.000000000000000000e+00 2.390000000000000000e+02 5.000000000000000000e+00 1.200000000000000000e+01 3.000000000000000000e+00 7.000000000000000000e+00 6.000000000000000000e+00 6.000000000000000000e+00 0.000000000000000000e+00 0.000000000000000000e+00 0.000000000000000000e+00 0.000000000000000000e+00 0.000000000000000000e+00 0.000000000000000000e+00 0.000000000000000000e+00 0.000000000000000000e+00 3.000000000000000000e+00 0.000000000000000000e+00 0.000000000000000000e+00 1.000000000000000000e+00 9.000000000000000000e+00
6.000000000000000000e+00 8.000000000000000000e+00 8.370000000000000000e+02 1.900000000000000000e+01 3.800000000000000000e+01 1.500000000000000000e+01 1.958000000000000000e+03 1.943500000000000000e+04 9.090000000000000000e+02 1.082000000000000000e+03 1.000000000000000000e+00 4.100000000000000000e+01 1.000000000000000000e+00 1.630000000000000000e+02 0.000000000000000000e+00 0.000000000000000000e+00 6.000000000000000000e+01 1.900000000000000000e+02 1.000000000000000000e+00 3.200000000000000000e+01 2.580000000000000000e+03 1.180000000000000000e+03
3.000000000000000000e+00 2.000000000000000000e+00 5.440000000000000000e+02 2.000000000000000000e+01 2.800000000000000000e+01 8.000000000000000000e+00 1.744000000000000000e+03 2.136000000000000000e+03 1.020340000000000000e+05 1.282000000000000000e+03 1.000000000000000000e+00 1.940000000000000000e+02 2.000000000000000000e+00 1.256000000000000000e+03 7.000000000000000000e+00 5.000000000000000000e+00 8.400000000000000000e+01 1.270000000000000000e+02 0.000000000000000000e+00 5.300000000000000000e+01 1.642900000000000000e+04 5.559600000000000000e+04
1.500000000000000000e+01 4.000000000000000000e+00 5.330000000000000000e+02 1.800000000000000000e+01 2.500000000000000000e+01 1.500000000000000000e+01 2.826700000000000000e+04 1.442200000000000000e+04 7.399700000000000000e+04 6.362000000000000000e+03 3.000000000000000000e+00 3.402000000000000000e+03 7.000000000000000000e+00 1.873000000000000000e+03 3.000000000000000000e+00 2.000000000000000000e+00 1.634400000000000000e+04 1.377000000000000000e+03 5.800000000000000000e+01 5.830000000000000000e+02 5.882000000000000000e+03 1.206663000000000000e+06
1.000000000000000000e+00 4.000000000000000000e+00 7.730000000000000000e+02 2.900000000000000000e+01 3.600000000000000000e+01 1.600000000000000000e+01 3.077800000000000000e+04 6.098000000000000000e+04 3.389000000000000000e+03 7.600000000000000000e+01 2.000000000000000000e+00 8.340000000000000000e+02 9.000000000000000000e+00 1.600000000000000000e+01 1.000000000000000000e+00 1.300000000000000000e+01 1.520400000000000000e+04 2.356000000000000000e+03 1.212000000000000000e+03 5.752000000000000000e+03 1.970000000000000000e+02 4.145000000000000000e+03
2.000000000000000000e+00 7.000000000000000000e+00 3.920000000000000000e+02 1.500000000000000000e+01 2.400000000000000000e+01 5.000000000000000000e+00 1.543000000000000000e+03 5.492000000000000000e+03 1.577000000000000000e+04 2.465000000000000000e+04 1.000000000000000000e+00 2.710000000000000000e+02 2.400000000000000000e+01 1.300000000000000000e+01 0.000000000000000000e+00 0.000000000000000000e+00 2.111000000000000000e+03 1.490000000000000000e+02 0.000000000000000000e+00 6.100000000000000000e+01 2.600000000000000000e+01 1.664810000000000000e+05
0.000000000000000000e+00 1.000000000000000000e+00 3.840000000000000000e+02 8.000000000000000000e+00 1.500000000000000000e+01 8.000000000000000000e+00 2.900000000000000000e+01 3.500000000000000000e+01 2.700000000000000000e+01 9.000000000000000000e+00 0.000000000000000000e+00 3.000000000000000000e+00 0.000000000000000000e+00 2.000000000000000000e+00 0.000000000000000000e+00 0.000000000000000000e+00 1.500000000000000000e+01 8.000000000000000000e+00 0.000000000000000000e+00 9.000000000000000000e+00 2.000000000000000000e+00 1.020000000000000000e+02
1.500000000000000000e+01 0.000000000000000000e+00 3.440000000000000000e+02 1.200000000000000000e+01 1.800000000000000000e+01 1.100000000000000000e+01 1.219000000000000000e+03 2.218000000000000000e+03 3.608000000000000000e+03 1.019000000000000000e+03 0.000000000000000000e+00 2.390000000000000000e+02 1.000000000000000000e+00 9.020000000000000000e+02 7.000000000000000000e+00 3.000000000000000000e+00 5.980000000000000000e+02 3.980000000000000000e+02 6.000000000000000000e+00 9.600000000000000000e+01 6.195000000000000000e+03 7.617700000000000000e+04
0.000000000000000000e+00 1.000000000000000000e+00 2.130000000000000000e+02 9.000000000000000000e+00 1.700000000000000000e+01 5.000000000000000000e+00 2.000000000000000000e+00 2.000000000000000000e+00 4.000000000000000000e+00 0.000000000000000000e+00 0.000000000000000000e+00 1.000000000000000000e+00 0.000000000000000000e+00 0.000000000000000000e+00 0.000000000000000000e+00 0.000000000000000000e+00 0.000000000000000000e+00 0.000000000000000000e+00 0.000000000000000000e+00 0.000000000000000000e+00 0.000000000000000000e+00 5.000000000000000000e+00
1.000000000000000000e+00 9.000000000000000000e+00 8.830000000000000000e+02 4.300000000000000000e+01 3.700000000000000000e+01 1.900000000000000000e+01 2.146000000000000000e+03 6.954000000000000000e+03 2.984400000000000000e+04 4.133000000000000000e+03 0.000000000000000000e+00 8.620000000000000000e+02 0.000000000000000000e+00 4.212000000000000000e+03 1.200000000000000000e+01 1.300000000000000000e+01 6.870000000000000000e+02 6.000000000000000000e+01 8.000000000000000000e+00 5.100000000000000000e+01 5.121300000000000000e+04 6.552000000000000000e+03
1.000000000000000000e+00 5.000000000000000000e+00 5.550000000000000000e+02 2.500000000000000000e+01 3.700000000000000000e+01 1.200000000000000000e+01 4.384200000000000000e+04 6.807700000000000000e+04 3.061000000000000000e+03 1.870000000000000000e+02 8.000000000000000000e+00 1.416000000000000000e+03 1.300000000000000000e+01 1.600000000000000000e+01 1.000000000000000000e+00 1.000000000000000000e+00 2.469700000000000000e+04 2.820000000000000000e+03 1.636000000000000000e+03 4.196000000000000000e+03 3.520000000000000000e+02 5.580000000000000000e+03
0.000000000000000000e+00 2.000000000000000000e+00 5.720000000000000000e+02 3.200000000000000000e+01 2.400000000000000000e+01 2.200000000000000000e+01 5.000000000000000000e+00 2.100000000000000000e+01 4.300000000000000000e+01 4.000000000000000000e+00 0.000000000000000000e+00 1.200000000000000000e+01 0.000000000000000000e+00 6.000000000000000000e+00 0.000000000000000000e+00 0.000000000000000000e+00 1.000000000000000000e+00 5.000000000000000000e+00 0.000000000000000000e+00 3.000000000000000000e+00 9.000000000000000000e+00 1.610000000000000000e+02
1.000000000000000000e+00 5.000000000000000000e+00 4.310000000000000000e+02 1.900000000000000000e+01 1.700000000000000000e+01 1.000000000000000000e+01 1.820000000000000000e+02 6.630000000000000000e+02 1.884000000000000000e+03 2.170000000000000000e+02 0.000000000000000000e+00 7.000000000000000000e+01 0.000000000000000000e+00 9.800000000000000000e+01 0.000000000000000000e+00 0.000000000000000000e+00 5.800000000000000000e+01 1.540000000000000000e+02 0.000000000000000000e+00 2.000000000000000000e+01 1.269000000000000000e+03 8.006200000000000000e+04
8.000000000000000000e+00 6.000000000000000000e+00 7.420000000000000000e+02 2.200000000000000000e+01 2.500000000000000000e+01 1.400000000000000000e+01 4.640000000000000000e+02 3.316000000000000000e+03 2.801400000000000000e+04 3.710000000000000000e+02 0.000000000000000000e+00 2.370000000000000000e+02 1.000000000000000000e+00 1.879000000000000000e+03 1.100000000000000000e+01 4.000000000000000000e+00 1.340000000000000000e+02 1.120000000000000000e+02 0.000000000000000000e+00 4.100000000000000000e+01 2.447900000000000000e+04 5.246200000000000000e+04
9.000000000000000000e+00 4.000000000000000000e+00 6.730000000000000000e+02 3.500000000000000000e+01 2.300000000000000000e+01 1.600000000000000000e+01 5.710000000000000000e+03 7.920000000000000000e+02 7.080000000000000000e+02 6.200000000000000000e+01 2.000000000000000000e+00 2.940000000000000000e+02 0.000000000000000000e+00 4.400000000000000000e+01 0.000000000000000000e+00 1.200000000000000000e+01 7.100000000000000000e+02 4.670000000000000000e+02 6.200000000000000000e+01 1.780000000000000000e+02 1.370000000000000000e+02 1.901410000000000000e+05
2.000000000000000000e+00 9.000000000000000000e+00 5.190000000000000000e+02 1.600000000000000000e+01 2.600000000000000000e+01 1.400000000000000000e+01 1.322000000000000000e+03 1.750000000000000000e+03 3.164100000000000000e+04 3.920000000000000000e+02 0.000000000000000000e+00 8.300000000000000000e+01 0.000000000000000000e+00 4.300000000000000000e+02 2.000000000000000000e+00 1.000000000000000000e+00 3.110000000000000000e+02 5.000000000000000000e+01 7.000000000000000000e+00 1.800000000000000000e+01 5.878000000000000000e+03 2.234900000000000000e+04
3.000000000000000000e+00 6.000000000000000000e+00 4.600000000000000000e+02 9.000000000000000000e+00 3.000000000000000000e+01 1.500000000000000000e+01 2.570000000000000000e+03 5.955000000000000000e+03 5.059200000000000000e+04 1.544000000000000000e+03 0.000000000000000000e+00 1.240000000000000000e+02 0.000000000000000000e+00 1.273000000000000000e+03 5.000000000000000000e+00 5.000000000000000000e+00 1.880000000000000000e+02 6.700000000000000000e+01 0.000000000000000000e+00 3.400000000000000000e+01 1.250000000000000000e+04 5.765000000000000000e+03
3.000000000000000000e+00 2.000000000000000000e+00 3.790000000000000000e+02 1.100000000000000000e+01 2.900000000000000000e+01 1.000000000000000000e+01 8.150000000000000000e+02 1.442500000000000000e+04 3.611000000000000000e+03 2.575300000000000000e+04 0.000000000000000000e+00 2.910000000000000000e+02 0.000000000000000000e+00 2.630000000000000000e+03 6.000000000000000000e+00 6.000000000000000000e+00 1.240000000000000000e+02 1.930000000000000000e+02 0.000000000000000000e+00 5.700000000000000000e+01 2.865900000000000000e+04 1.889170000000000000e+05
0.000000000000000000e+00 0.000000000000000000e+00 3.310000000000000000e+02 9.000000000000000000e+00 1.600000000000000000e+01 6.000000000000000000e+00 4.000000000000000000e+00 3.300000000000000000e+01 2.800000000000000000e+01 5.000000000000000000e+00 0.000000000000000000e+00 4.000000000000000000e+00 0.000000000000000000e+00 0.000000000000000000e+00 0.000000000000000000e+00 0.000000000000000000e+00 6.000000000000000000e+00 4.000000000000000000e+00 0.000000000000000000e+00 1.000000000000000000e+00 3.000000000000000000e+00 7.700000000000000000e+01
3.000000000000000000e+00 9.000000000000000000e+00 9.670000000000000000e+02 9.000000000000000000e+01 3.700000000000000000e+01 1.800000000000000000e+01 7.060000000000000000e+02 2.342000000000000000e+03 1.880000000000000000e+02 2.000000000000000000e+01 0.000000000000000000e+00 1.600000000000000000e+01 1.000000000000000000e+00 1.600000000000000000e+01 1.000000000000000000e+00 1.000000000000000000e+00 8.600000000000000000e+01 1.430000000000000000e+02 5.000000000000000000e+00 3.100000000000000000e+01 2.130000000000000000e+02 3.870000000000000000e+02
2.000000000000000000e+00 6.000000000000000000e+00 4.650000000000000000e+02 2.500000000000000000e+01 2.400000000000000000e+01 1.000000000000000000e+01 8.590000000000000000e+02 1.575000000000000000e+03 7.093700000000000000e+04 2.910000000000000000e+02 1.000000000000000000e+00 1.290000000000000000e+02 0.000000000000000000e+00 2.442000000000000000e+03 1.000000000000000000e+01 8.000000000000000000e+00 8.800000000000000000e+01 4.400000000000000000e+01 6.000000000000000000e+00 2.600000000000000000e+01 2.652000000000000000e+04 1.116800000000000000e+04
3.000000000000000000e+00 8.500000000000000000e+01 4.820000000000000000e+02 1.150000000000000000e+02 1.100000000000000000e+01 0.000000000000000000e+00 8.000000000000000000e+01 1.579000000000000000e+03 2.600000000000000000e+01 5.000000000000000000e+00 0.000000000000000000e+00 6.000000000000000000e+00 0.000000000000000000e+00 0.000000000000000000e+00 0.000000000000000000e+00 0.000000000000000000e+00 4.000000000000000000e+00 1.720000000000000000e+02 0.000000000000000000e+00 1.400000000000000000e+01 0.000000000000000000e+00 3.500000000000000000e+01
1.000000000000000000e+00 4.200000000000000000e+01 5.577000000000000000e+03 7.300000000000000000e+01 1.720000000000000000e+02 0.000000000000000000e+00 8.730000000000000000e+02 5.772800000000000000e+04 3.722000000000000000e+03 1.774000000000000000e+03 0.000000000000000000e+00 2.650000000000000000e+02 1.000000000000000000e+00 1.000000000000000000e+00 0.000000000000000000e+00 0.000000000000000000e+00 3.290000000000000000e+02 3.300000000000000000e+02 7.100000000000000000e+01 1.280000000000000000e+02 0.000000000000000000e+00 3.481430000000000000e+05
0.000000000000000000e+00 3.000000000000000000e+00 3.079100000000000000e+04 2.000000000000000000e+00 4.000000000000000000e+00 0.000000000000000000e+00 5.160000000000000000e+02 3.559100000000000000e+04 1.060000000000000000e+02 1.580000000000000000e+02 1.000000000000000000e+00 1.040000000000000000e+02 5.000000000000000000e+00 2.000000000000000000e+00 0.000000000000000000e+00 2.000000000000000000e+00 4.500000000000000000e+01 1.310000000000000000e+02 0.000000000000000000e+00 2.200000000000000000e+01 0.000000000000000000e+00 1.515550000000000000e+05
5.000000000000000000e+00 0.000000000000000000e+00 8.670000000000000000e+02 2.000000000000000000e+00 1.310000000000000000e+02 0.000000000000000000e+00 1.800000000000000000e+02 3.003100000000000000e+04 8.973000000000000000e+03 1.576000000000000000e+03 0.000000000000000000e+00 3.750000000000000000e+02 3.000000000000000000e+00 1.000000000000000000e+00 0.000000000000000000e+00 0.000000000000000000e+00 1.200000000000000000e+02 2.600000000000000000e+02 0.000000000000000000e+00 4.400000000000000000e+01 0.000000000000000000e+00 4.121280000000000000e+05
2.000000000000000000e+00 5.000000000000000000e+00 2.600000000000000000e+02 2.000000000000000000e+00 1.500000000000000000e+01 2.000000000000000000e+00 8.558000000000000000e+03 2.891200000000000000e+04 9.161000000000000000e+03 3.017000000000000000e+03 0.000000000000000000e+00 9.200000000000000000e+01 8.000000000000000000e+00 2.000000000000000000e+00 0.000000000000000000e+00 0.000000000000000000e+00 1.720000000000000000e+02 1.580000000000000000e+02 3.900000000000000000e+01 2.390000000000000000e+02 2.400000000000000000e+01 9.779000000000000000e+04
2.000000000000000000e+00 1.350000000000000000e+02 2.960000000000000000e+02 3.960000000000000000e+02 2.000000000000000000e+00 0.000000000000000000e+00 5.204900000000000000e+04 2.293200000000000000e+05 5.900000000000000000e+02 2.200000000000000000e+01 1.000000000000000000e+00 1.500000000000000000e+01 1.100000000000000000e+01 1.090000000000000000e+02 1.600000000000000000e+01 4.400000000000000000e+01 5.530000000000000000e+02 4.400000000000000000e+02 2.900000000000000000e+01 5.660000000000000000e+02 7.800000000000000000e+01 3.240000000000000000e+02
1.200000000000000000e+01 0.000000000000000000e+00 6.400000000000000000e+01 0.000000000000000000e+00 0.000000000000000000e+00 0.000000000000000000e+00 1.790000000000000000e+02 2.553000000000000000e+03 1.470000000000000000e+02 8.000000000000000000e+00 0.000000000000000000e+00 3.400000000000000000e+01 2.000000000000000000e+00 2.000000000000000000e+00 0.000000000000000000e+00 0.000000000000000000e+00 7.200000000000000000e+01 4.120000000000000000e+02 0.000000000000000000e+00 5.500000000000000000e+01 3.000000000000000000e+00 1.198000000000000000e+03
0.000000000000000000e+00 1.000000000000000000e+00 1.800000000000000000e+01 0.000000000000000000e+00 0.000000000000000000e+00 0.000000000000000000e+00 1.620000000000000000e+03 8.035800000000000000e+04 1.060000000000000000e+02 0.000000000000000000e+00 0.000000000000000000e+00 1.000000000000000000e+00 6.000000000000000000e+00 1.000000000000000000e+00 0.000000000000000000e+00 0.000000000000000000e+00 4.800000000000000000e+01 1.800000000000000000e+01 2.000000000000000000e+00 6.700000000000000000e+01 3.000000000000000000e+00 5.700000000000000000e+01
6.000000000000000000e+00 4.600000000000000000e+01 4.570000000000000000e+02 8.300000000000000000e+01 1.000000000000000000e+00 2.000000000000000000e+00 3.969000000000000000e+04 1.882380000000000000e+05 6.377000000000000000e+03 2.300000000000000000e+01 5.000000000000000000e+00 6.900000000000000000e+01 8.000000000000000000e+00 5.990000000000000000e+02 5.600000000000000000e+01 1.000000000000000000e+01 1.165300000000000000e+04 3.227000000000000000e+03 1.923000000000000000e+03 1.465500000000000000e+04 5.316000000000000000e+03 2.997000000000000000e+03
6.000000000000000000e+00 4.600000000000000000e+01 4.570000000000000000e+02 8.300000000000000000e+01 1.000000000000000000e+00 2.000000000000000000e+00 3.969000000000000000e+04 1.882380000000000000e+05 6.377000000000000000e+03 2.300000000000000000e+01 5.000000000000000000e+00 6.900000000000000000e+01 8.000000000000000000e+00 5.990000000000000000e+02 5.600000000000000000e+01 1.000000000000000000e+01 1.165300000000000000e+04 3.227000000000000000e+03 1.923000000000000000e+03 1.465500000000000000e+04 5.316000000000000000e+03 2.997000000000000000e+03
3.000000000000000000e+00 0.000000000000000000e+00 2.107200000000000000e+04 0.000000000000000000e+00 0.000000000000000000e+00 0.000000000000000000e+00 5.970000000000000000e+02 1.360000000000000000e+02 1.510000000000000000e+02 2.000000000000000000e+00 0.000000000000000000e+00 9.000000000000000000e+00 0.000000000000000000e+00 3.000000000000000000e+00 0.000000000000000000e+00 0.000000000000000000e+00 3.660000000000000000e+02 1.960000000000000000e+02 1.050000000000000000e+02 2.700000000000000000e+02 5.000000000000000000e+00 2.950000000000000000e+02
2.000000000000000000e+00 1.000000000000000000e+00 2.400000000000000000e+01 0.000000000000000000e+00 0.000000000000000000e+00 0.000000000000000000e+00 6.218000000000000000e+03 5.057000000000000000e+03 3.947000000000000000e+03 2.400000000000000000e+01 2.000000000000000000e+00 1.400000000000000000e+01 1.000000000000000000e+00 4.200000000000000000e+01 0.000000000000000000e+00 0.000000000000000000e+00 3.034000000000000000e+03 1.689000000000000000e+03 4.720000000000000000e+02 1.894000000000000000e+03 1.640000000000000000e+02 9.360000000000000000e+02
2.000000000000000000e+00 0.000000000000000000e+00 4.000000000000000000e+00 0.000000000000000000e+00 0.000000000000000000e+00 0.000000000000000000e+00 1.083000000000000000e+03 5.000000000000000000e+02 4.500000000000000000e+01 1.000000000000000000e+00 0.000000000000000000e+00 2.000000000000000000e+00 1.000000000000000000e+00 1.000000000000000000e+00 0.000000000000000000e+00 0.000000000000000000e+00 3.500000000000000000e+01 9.000000000000000000e+01 1.000000000000000000e+00 3.000000000000000000e+01 1.000000000000000000e+00 2.110000000000000000e+02
1.300000000000000000e+01 8.000000000000000000e+00 1.872810000000000000e+05 0.000000000000000000e+00 4.000000000000000000e+00 0.000000000000000000e+00 1.408800000000000000e+04 5.086300000000000000e+04 6.570000000000000000e+02 1.900000000000000000e+01 0.000000000000000000e+00 5.000000000000000000e+01 2.000000000000000000e+00 3.900000000000000000e+01 0.000000000000000000e+00 0.000000000000000000e+00 1.379000000000000000e+03 6.430000000000000000e+02 1.300000000000000000e+02 1.162000000000000000e+03 6.400000000000000000e+01 3.051000000000000000e+03
