3.120000000000000000e+02 7.200000000000000000e+01 8.000000000000000000e+00
3.080000000000000000e+02 7.000000000000000000e+01 6.000000000000000000e+00
4.100000000000000000e+02 1.000000000000000000e+02 8.000000000000000000e+00
3.990000000000000000e+02 1.050000000000000000e+02 1.400000000000000000e+01
3.070000000000000000e+02 6.600000000000000000e+01 1.200000000000000000e+01
3.070000000000000000e+02 9.600000000000000000e+01 8.000000000000000000e+00
4.340000000000000000e+02 7.700000000000000000e+01 8.000000000000000000e+00
5.860000000000000000e+02 1.110000000000000000e+02 1.500000000000000000e+01
3.730000000000000000e+02 1.100000000000000000e+02 1.100000000000000000e+01
3.660000000000000000e+02 7.500000000000000000e+01 4.000000000000000000e+00
3.780000000000000000e+02 8.800000000000000000e+01 1.400000000000000000e+01
4.360000000000000000e+02 1.060000000000000000e+02 1.000000000000000000e+01
4.310000000000000000e+02 9.700000000000000000e+01 1.500000000000000000e+01
8.300000000000000000e+01 1.800000000000000000e+01 3.000000000000000000e+00
4.640000000000000000e+02 1.190000000000000000e+02 1.000000000000000000e+01
3.740000000000000000e+02 6.800000000000000000e+01 1.200000000000000000e+01
3.230000000000000000e+02 7.300000000000000000e+01 1.500000000000000000e+01
2.790000000000000000e+02 8.000000000000000000e+01 1.100000000000000000e+01
5.200000000000000000e+01 2.400000000000000000e+01 0.000000000000000000e+00
2.820000000000000000e+02 8.000000000000000000e+01 5.000000000000000000e+00
3.520000000000000000e+02 9.100000000000000000e+01 1.200000000000000000e+01
3.550000000000000000e+02 8.800000000000000000e+01 2.100000000000000000e+01
4.980000000000000000e+02 1.080000000000000000e+02 2.000000000000000000e+01
2.540000000000000000e+02 5.700000000000000000e+01 8.000000000000000000e+00
3.670000000000000000e+02 9.700000000000000000e+01 1.500000000000000000e+01
2.640000000000000000e+02 5.700000000000000000e+01 8.000000000000000000e+00
2.470000000000000000e+02 5.400000000000000000e+01 5.000000000000000000e+00
3.580000000000000000e+02 8.700000000000000000e+01 1.400000000000000000e+01
2.010000000000000000e+02 5.200000000000000000e+01 3.000000000000000000e+00
2.230000000000000000e+02 5.300000000000000000e+01 9.000000000000000000e+00
2.740000000000000000e+02 6.300000000000000000e+01 9.000000000000000000e+00
3.660000000000000000e+02 7.900000000000000000e+01 6.000000000000000000e+00
3.540000000000000000e+02 9.600000000000000000e+01 1.100000000000000000e+01
2.190000000000000000e+02 4.100000000000000000e+01 5.000000000000000000e+00
5.140000000000000000e+02 1.340000000000000000e+02 1.200000000000000000e+01
4.340000000000000000e+02 1.040000000000000000e+02 8.000000000000000000e+00
9.300000000000000000e+02 2.040000000000000000e+02 2.000000000000000000e+01
3.820000000000000000e+02 1.080000000000000000e+02 6.000000000000000000e+00
5.080000000000000000e+02 1.580000000000000000e+02 1.500000000000000000e+01
2.580000000000000000e+02 5.500000000000000000e+01 1.200000000000000000e+01
2.900000000000000000e+02 7.100000000000000000e+01 3.000000000000000000e+00
2.560000000000000000e+02 5.900000000000000000e+01 9.000000000000000000e+00
2.770000000000000000e+02 8.400000000000000000e+01 1.100000000000000000e+01
3.270000000000000000e+02 7.900000000000000000e+01 9.000000000000000000e+00
2.680000000000000000e+02 7.500000000000000000e+01 1.000000000000000000e+01
1.390000000000000000e+02 3.800000000000000000e+01 6.000000000000000000e+00
1.860000000000000000e+02 8.200000000000000000e+01 1.600000000000000000e+01
2.820000000000000000e+02 4.700000000000000000e+01 5.000000000000000000e+00
2.290000000000000000e+02 5.200000000000000000e+01 9.000000000000000000e+00
1.590000000000000000e+02 3.600000000000000000e+01 6.000000000000000000e+00
1.670000000000000000e+02 3.000000000000000000e+01 8.000000000000000000e+00
1.430000000000000000e+02 3.800000000000000000e+01 2.000000000000000000e+00
3.300000000000000000e+02 5.800000000000000000e+01 8.000000000000000000e+00
1.850000000000000000e+02 3.600000000000000000e+01 3.000000000000000000e+00
3.460000000000000000e+02 9.300000000000000000e+01 1.100000000000000000e+01
9.700000000000000000e+01 1.010000000000000000e+02 6.000000000000000000e+00
3.700000000000000000e+01 7.600000000000000000e+01 1.600000000000000000e+01
0.000000000000000000e+00 8.000000000000000000e+00 4.000000000000000000e+00
0.000000000000000000e+00 1.100000000000000000e+01 1.200000000000000000e+01
6.000000000000000000e+00 7.200000000000000000e+01 8.000000000000000000e+00
3.690000000000000000e+02 1.130000000000000000e+02 1.900000000000000000e+01
1.000000000000000000e+00 1.000000000000000000e+00 1.000000000000000000e+00
1.000000000000000000e+00 8.000000000000000000e+00 0.000000000000000000e+00
7.400000000000000000e+01 9.100000000000000000e+01 6.000000000000000000e+00
7.400000000000000000e+01 9.100000000000000000e+01 6.000000000000000000e+00
3.800000000000000000e+01 2.343000000000000000e+03 3.500000000000000000e+01
0.000000000000000000e+00 6.000000000000000000e+00 0.000000000000000000e+00
0.000000000000000000e+00 1.200000000000000000e+01 6.000000000000000000e+00
0.000000000000000000e+00 3.000000000000000000e+00 0.000000000000000000e+00
1.000000000000000000e+00 1.000000000000000000e+01 1.000000000000000000e+00
