1.000000000000000000e+00 1.450000000000000000e+02 1.233500000000000000e+04 3.000000000000000000e+00
0.000000000000000000e+00 7.000000000000000000e+00 1.410000000000000000e+02 0.000000000000000000e+00
1.000000000000000000e+00 8.490000000000000000e+02 4.496500000000000000e+04 5.000000000000000000e+00
1.000000000000000000e+00 1.516000000000000000e+03 3.291800000000000000e+04 8.000000000000000000e+00
2.000000000000000000e+01 5.884000000000000000e+03 2.504270000000000000e+05 4.600000000000000000e+01
2.000000000000000000e+00 8.890000000000000000e+02 3.098900000000000000e+04 2.000000000000000000e+00
3.000000000000000000e+00 1.052000000000000000e+03 2.203800000000000000e+04 2.000000000000000000e+00
7.000000000000000000e+00 4.810000000000000000e+02 2.814800000000000000e+04 8.000000000000000000e+00
1.000000000000000000e+00 1.341000000000000000e+03 6.701000000000000000e+03 2.000000000000000000e+00
4.000000000000000000e+00 1.765000000000000000e+03 1.892500000000000000e+04 3.000000000000000000e+00
0.000000000000000000e+00 3.000000000000000000e+00 1.600000000000000000e+01 0.000000000000000000e+00
1.000000000000000000e+00 2.613000000000000000e+03 1.476900000000000000e+04 3.000000000000000000e+00
1.000000000000000000e+00 1.985000000000000000e+03 2.923000000000000000e+03 6.000000000000000000e+00
0.000000000000000000e+00 5.000000000000000000e+00 2.200000000000000000e+01 0.000000000000000000e+00
0.000000000000000000e+00 4.980000000000000000e+02 2.590000000000000000e+02 0.000000000000000000e+00
4.000000000000000000e+00 3.928000000000000000e+03 1.385300000000000000e+04 0.000000000000000000e+00
3.000000000000000000e+00 9.190000000000000000e+02 3.811000000000000000e+03 0.000000000000000000e+00
0.000000000000000000e+00 5.000000000000000000e+00 1.000000000000000000e+01 0.000000000000000000e+00
5.000000000000000000e+00 3.260000000000000000e+02 1.099700000000000000e+04 0.000000000000000000e+00
4.000000000000000000e+00 2.208000000000000000e+03 5.910800000000000000e+04 1.000000000000000000e+00
9.000000000000000000e+00 1.118000000000000000e+03 2.248900000000000000e+04 1.000000000000000000e+00
2.000000000000000000e+00 3.280000000000000000e+02 4.275000000000000000e+03 0.000000000000000000e+00
4.000000000000000000e+00 7.040000000000000000e+02 2.580000000000000000e+02 2.000000000000000000e+00
0.000000000000000000e+00 5.330000000000000000e+02 2.780000000000000000e+02 1.000000000000000000e+00
1.000000000000000000e+00 1.890000000000000000e+02 1.456000000000000000e+03 1.000000000000000000e+00
3.000000000000000000e+00 4.900000000000000000e+01 2.364000000000000000e+03 2.000000000000000000e+00
1.000000000000000000e+00 2.410000000000000000e+02 3.555000000000000000e+03 2.000000000000000000e+00
0.000000000000000000e+00 7.260000000000000000e+02 2.660000000000000000e+02 3.000000000000000000e+00
0.000000000000000000e+00 8.980000000000000000e+02 2.690000000000000000e+02 6.000000000000000000e+00
2.000000000000000000e+00 7.780000000000000000e+02 2.980000000000000000e+02 1.000000000000000000e+00
9.000000000000000000e+00 7.970000000000000000e+02 1.760000000000000000e+02 6.000000000000000000e+00
1.000000000000000000e+00 3.642000000000000000e+03 9.070000000000000000e+02 0.000000000000000000e+00
0.000000000000000000e+00 2.160000000000000000e+02 6.050000000000000000e+02 0.000000000000000000e+00
0.000000000000000000e+00 1.680000000000000000e+02 1.128900000000000000e+04 1.000000000000000000e+00
1.000000000000000000e+00 6.730000000000000000e+02 1.093000000000000000e+03 0.000000000000000000e+00
0.000000000000000000e+00 3.210000000000000000e+02 5.400000000000000000e+03 0.000000000000000000e+00
5.000000000000000000e+00 1.950000000000000000e+02 1.179500000000000000e+04 0.000000000000000000e+00
1.300000000000000000e+01 8.500000000000000000e+02 3.352100000000000000e+04 3.000000000000000000e+00
6.000000000000000000e+00 1.270000000000000000e+03 8.464000000000000000e+03 1.500000000000000000e+01
2.900000000000000000e+01 2.855400000000000000e+04 8.832000000000000000e+03 1.500000000000000000e+01
4.000000000000000000e+00 1.248000000000000000e+03 6.400000000000000000e+01 3.000000000000000000e+00
2.000000000000000000e+00 2.076000000000000000e+03 3.100000000000000000e+01 0.000000000000000000e+00
0.000000000000000000e+00 8.517000000000000000e+03 4.230000000000000000e+02 8.000000000000000000e+00
7.000000000000000000e+00 5.851000000000000000e+03 3.310000000000000000e+02 9.000000000000000000e+00
2.000000000000000000e+00 7.314100000000000000e+04 4.385000000000000000e+03 1.200000000000000000e+01
0.000000000000000000e+00 2.900000000000000000e+01 8.000000000000000000e+00 0.000000000000000000e+00
6.300000000000000000e+01 8.282000000000000000e+03 2.380000000000000000e+02 1.700000000000000000e+01
3.610000000000000000e+02 4.645200000000000000e+04 5.220000000000000000e+02 1.000000000000000000e+00
6.130000000000000000e+02 4.287300000000000000e+04 1.021000000000000000e+03 4.000000000000000000e+00
3.070000000000000000e+02 3.243700000000000000e+04 3.280000000000000000e+02 1.000000000000000000e+00
3.000000000000000000e+00 8.520000000000000000e+02 9.400000000000000000e+01 6.700000000000000000e+01
2.000000000000000000e+00 4.260000000000000000e+02 4.300000000000000000e+01 5.000000000000000000e+01
1.000000000000000000e+00 1.570000000000000000e+02 5.300000000000000000e+01 2.000000000000000000e+00
7.000000000000000000e+00 7.690000000000000000e+02 7.500000000000000000e+01 1.040000000000000000e+02
4.000000000000000000e+00 1.480000000000000000e+03 1.320000000000000000e+02 2.000000000000000000e+00
8.000000000000000000e+00 4.280000000000000000e+02 7.500000000000000000e+01 5.300000000000000000e+01
0.000000000000000000e+00 1.569000000000000000e+03 6.200000000000000000e+01 2.000000000000000000e+00
0.000000000000000000e+00 4.000000000000000000e+00 5.000000000000000000e+00 0.000000000000000000e+00
0.000000000000000000e+00 1.100000000000000000e+01 1.600000000000000000e+01 0.000000000000000000e+00
3.000000000000000000e+00 4.180000000000000000e+02 4.100000000000000000e+01 0.000000000000000000e+00
3.000000000000000000e+00 1.280000000000000000e+03 1.190000000000000000e+02 3.000000000000000000e+00
0.000000000000000000e+00 7.000000000000000000e+00 3.000000000000000000e+00 0.000000000000000000e+00
1.000000000000000000e+00 8.000000000000000000e+00 3.000000000000000000e+00 0.000000000000000000e+00
0.000000000000000000e+00 1.200000000000000000e+01 2.000000000000000000e+00 0.000000000000000000e+00
0.000000000000000000e+00 6.000000000000000000e+00 2.000000000000000000e+00 0.000000000000000000e+00
0.000000000000000000e+00 3.000000000000000000e+00 0.000000000000000000e+00 0.000000000000000000e+00
0.000000000000000000e+00 6.000000000000000000e+00 3.000000000000000000e+00 0.000000000000000000e+00
5.680000000000000000e+02 9.459000000000000000e+03 1.242000000000000000e+03 2.400000000000000000e+01
4.200000000000000000e+02 1.835200000000000000e+04 7.510000000000000000e+02 2.000000000000000000e+00
1.000000000000000000e+00 8.000000000000000000e+01 1.000000000000000000e+00 3.000000000000000000e+00
2.000000000000000000e+00 1.006000000000000000e+03 6.000000000000000000e+00 1.000000000000000000e+00
1.000000000000000000e+00 5.330000000000000000e+02 9.000000000000000000e+00 0.000000000000000000e+00
7.000000000000000000e+00 2.080000000000000000e+02 2.000000000000000000e+00 5.000000000000000000e+00
1.100000000000000000e+01 8.643000000000000000e+03 2.700000000000000000e+01 2.000000000000000000e+00
0.000000000000000000e+00 3.660000000000000000e+02 0.000000000000000000e+00 0.000000000000000000e+00
4.340000000000000000e+02 5.216600000000000000e+04 3.556000000000000000e+03 2.000000000000000000e+00
2.000000000000000000e+00 1.970000000000000000e+02 8.000000000000000000e+00 1.200000000000000000e+01
9.000000000000000000e+00 1.895000000000000000e+03 4.400000000000000000e+01 9.000000000000000000e+00
1.000000000000000000e+00 1.649000000000000000e+03 7.000000000000000000e+00 0.000000000000000000e+00
6.294000000000000000e+03 4.361200000000000000e+04 8.026000000000000000e+03 6.000000000000000000e+00
6.294000000000000000e+03 4.361200000000000000e+04 8.026000000000000000e+03 6.000000000000000000e+00
1.400000000000000000e+01 7.580000000000000000e+02 1.500000000000000000e+01 3.000000000000000000e+00
2.920000000000000000e+02 7.079000000000000000e+03 3.050000000000000000e+02 2.000000000000000000e+00
0.000000000000000000e+00 1.093000000000000000e+03 6.000000000000000000e+00 2.000000000000000000e+00
1.330000000000000000e+02 1.429700000000000000e+04 2.770000000000000000e+02 1.300000000000000000e+01
