4.201100000000000136e+02
3.853899999999999864e+02
3.465000000000000000e+02
3.137200000000000273e+02
2.845600000000000023e+02
2.642799999999999727e+02
2.356699999999999875e+02
2.017800000000000011e+02
1.615000000000000000e+02
1.434399999999999977e+02
1.142800000000000011e+02
7.562000000000000455e+01
4.441100000000000136e+02
4.093899999999999864e+02
3.705000000000000000e+02
3.377200000000000273e+02
3.085600000000000023e+02
2.882799999999999727e+02
2.596700000000000159e+02
2.257800000000000011e+02
1.855000000000000000e+02
1.674399999999999977e+02
1.382800000000000011e+02
9.967000000000000171e+01
3.772300000000000182e+02
3.444599999999999795e+02
3.152900000000000205e+02
2.950099999999999909e+02
2.663999999999999773e+02
2.325099999999999909e+02
1.922299999999999898e+02
1.741800000000000068e+02
1.450099999999999909e+02
1.064000000000000057e+02
7.584000000000000341e+01
4.670000000000000284e+01
2.810000000000000142e+01
2.258999999999999986e+01
4.961000000000000227e+02
4.532300000000000182e+02
4.191200000000000045e+02
3.802300000000000182e+02
3.474599999999999795e+02
3.182900000000000205e+02
2.980099999999999909e+02
2.693999999999999773e+02
2.355099999999999909e+02
1.952299999999999898e+02
1.771800000000000068e+02
1.480099999999999909e+02
1.094000000000000057e+02
7.884000000000000341e+01
4.967999999999999972e+01
3.107000000000000028e+01
2.558999999999999986e+01
2.120000000000000000e+02
2.120000000000000000e+02
2.390000000000000000e+02
2.150000000000000000e+02
2.200000000000000000e+01
9.300000000000000000e+01
8.700000000000000000e+01
3.300000000000000000e+01
6.600000000000000000e+01
5.100000000000000000e+01
1.390000000000000000e+02
1.450000000000000000e+02
9.000000000000000000e+01
6.000000000000000000e+01
